# This file was produced by samtools stats (1.11+htslib-1.11) and can be plotted using plot-bamstats
# This file contains statistics for all reads.
# The command line was:  stats -d results/05_splitNCigar/bam/APOE_3M_10.FCHJKY5BBXX_L2_IGAGTGG.bam
# CHK, Checksum	[2]Read Names	[3]Sequences	[4]Qualities
# CHK, CRC32 of reads which passed filtering followed by addition (32bit overflow)
CHK	f5cc026d	d655630d	1d875f6b
# Summary Numbers. Use `grep ^SN | cut -f 2-` to extract this part.
SN	raw total sequences:	104357049
SN	filtered sequences:	38737699
SN	sequences:	65619350
SN	is sorted:	1
SN	1st fragments:	32809675
SN	last fragments:	32809675
SN	reads mapped:	65619350
SN	reads mapped and paired:	65619350	# paired-end technology bit set + both mates mapped
SN	reads unmapped:	0
SN	reads properly paired:	65619350	# proper-pair bit set
SN	reads paired:	65619350	# paired-end technology bit set
SN	reads duplicated:	0	# PCR or optical duplicate bit set
SN	reads MQ0:	269758	# mapped and MQ=0
SN	reads QC failed:	0
SN	non-primary alignments:	14085332
SN	total length:	3345084706	# ignores clipping
SN	total first fragment length:	1672547661	# ignores clipping
SN	total last fragment length:	1672537045	# ignores clipping
SN	bases mapped:	3345084706	# ignores clipping
SN	bases mapped (cigar):	3331736033	# more accurate
SN	bases trimmed:	0
SN	bases duplicated:	0
SN	mismatches:	0	# from NM fields
SN	error rate:	0.000000e+00	# mismatches / bases mapped (cigar)
SN	average length:	50
SN	average first fragment length:	51
SN	average last fragment length:	51
SN	maximum length:	51
SN	maximum first fragment length:	51
SN	maximum last fragment length:	51
SN	average quality:	38.9
SN	insert size average:	1325.7
SN	insert size standard deviation:	2234.3
SN	inward oriented pairs:	36729924
SN	outward oriented pairs:	15294
SN	pairs with other orientation:	0
SN	pairs on different chromosomes:	0
SN	percentage of properly paired reads (%):	100.0
# First Fragment Qualities. Use `grep ^FFQ | cut -f 2-` to extract this part.
# Columns correspond to qualities and rows to cycles. First column is the cycle number.
FFQ	1	0	0	80279	0	0	0	0	0	0	0	0	0	523580	0	0	0	0	0	0	0	0	0	0	0	0	0	0	848449	0	0	0	0	31357365	0	0	0	0	2	0	0	0	0	0
FFQ	2	0	0	7808	0	0	0	0	0	0	0	0	0	566465	0	0	0	0	0	0	0	0	0	0	0	0	0	0	882234	0	0	0	0	31353122	0	0	0	0	46	0	0	0	0	0
FFQ	3	0	0	0	0	0	0	0	0	0	0	0	0	473622	0	0	0	0	0	0	0	0	0	35	0	0	0	0	793021	0	0	0	0	6620530	0	0	0	0	24922467	0	0	0	0	0
FFQ	4	0	0	2141	0	0	0	0	0	0	0	0	0	404537	0	0	0	0	0	0	0	0	0	29043	0	0	0	0	701311	0	0	0	0	2666184	0	0	0	0	29006459	0	0	0	0	0
FFQ	5	0	0	403	0	0	0	0	0	0	0	0	0	347830	0	0	0	0	0	0	0	0	0	77760	0	0	0	0	555287	0	0	0	0	1746688	0	0	0	0	30081703	0	0	0	4	0
FFQ	6	0	0	0	0	0	0	0	0	0	0	0	0	350661	0	0	0	0	0	0	0	0	0	92596	0	0	0	0	463536	0	0	0	0	1508280	0	0	0	0	3510565	0	0	0	26884037	0
FFQ	7	0	0	0	0	0	0	0	0	0	0	0	0	394505	0	0	0	0	0	0	0	0	0	127402	0	0	0	0	448062	0	0	0	0	1444249	0	0	0	0	3184523	0	0	0	27210934	0
FFQ	8	0	0	0	0	0	0	0	0	0	0	0	0	249592	0	0	0	0	0	0	0	0	0	104123	0	0	0	0	379648	0	0	0	0	1301828	0	0	0	0	2881681	0	0	0	27892803	0
FFQ	9	0	0	0	0	0	0	0	0	0	0	0	0	255611	0	0	0	0	0	0	0	0	0	152372	0	0	0	0	357134	0	0	0	0	1178931	0	0	0	0	2733900	0	0	0	28131727	0
FFQ	10	0	0	0	0	0	0	0	0	0	0	0	0	233412	0	0	0	0	0	0	0	0	0	157082	0	0	0	0	337040	0	0	0	0	1110915	0	0	0	0	2620415	0	0	0	28350811	0
FFQ	11	0	0	0	0	0	0	0	0	0	0	0	0	222158	0	0	0	0	0	0	0	0	0	181268	0	0	0	0	323541	0	0	0	0	1061526	0	0	0	0	2558061	0	0	0	28463121	0
FFQ	12	0	0	0	0	0	0	0	0	0	0	0	0	236066	0	0	0	0	0	0	0	0	0	236843	0	0	0	0	323801	0	0	0	0	1068567	0	0	0	0	2529855	0	0	0	28414543	0
FFQ	13	0	0	46	0	0	0	0	0	0	0	0	0	254635	0	0	0	0	0	0	0	0	0	262029	0	0	0	0	333047	0	0	0	0	1105859	0	0	0	0	2561738	0	0	0	28292321	0
FFQ	14	0	0	0	0	0	0	0	0	0	0	0	0	247058	0	0	0	0	0	0	0	0	0	258672	0	0	0	0	325970	0	0	0	0	1090855	0	0	0	0	2554002	0	0	0	28333118	0
FFQ	15	0	0	0	0	0	0	0	0	0	0	0	0	242689	0	0	0	0	0	0	0	0	0	257275	0	0	0	0	332024	0	0	0	0	1077771	0	0	0	0	2541764	0	0	0	28358152	0
FFQ	16	0	0	0	0	0	0	0	0	0	0	0	0	239912	0	0	0	0	0	0	0	0	0	259138	0	0	0	0	348407	0	0	0	0	1058766	0	0	0	0	2526266	0	0	0	28377186	0
FFQ	17	0	0	3401	0	0	0	0	0	0	0	0	0	242945	0	0	0	0	0	0	0	0	0	257695	0	0	0	0	339159	0	0	0	0	1065883	0	0	0	0	2535277	0	0	0	28365315	0
FFQ	18	0	0	0	0	0	0	0	0	0	0	0	0	248153	0	0	0	0	0	0	0	0	0	269829	0	0	0	0	383292	0	0	0	0	1018150	0	0	0	0	2543681	0	0	0	28346570	0
FFQ	19	0	0	0	0	0	0	0	0	0	0	0	0	250951	0	0	0	0	0	0	0	0	0	293819	0	0	0	0	487198	0	0	0	0	913562	0	0	0	0	2557312	0	0	0	28306833	0
FFQ	20	0	0	0	0	0	0	0	0	0	0	0	0	260080	0	0	0	0	0	0	0	0	0	317734	0	0	0	0	584394	0	0	0	0	807470	0	0	0	0	2578582	0	0	0	28261415	0
FFQ	21	0	0	0	0	0	0	0	0	0	0	0	0	250600	0	0	0	0	0	0	0	0	0	312073	0	0	0	0	586713	0	0	0	0	782951	0	0	0	0	2566150	0	0	0	28311188	0
FFQ	22	0	0	0	0	0	0	0	0	0	0	0	0	255236	0	0	0	0	0	0	0	0	0	315782	0	0	0	0	591928	0	0	0	0	785459	0	0	0	0	2556716	0	0	0	28304554	0
FFQ	23	0	0	0	0	0	0	0	0	0	0	0	0	267548	0	0	0	0	0	0	0	0	0	324903	0	0	0	0	603011	0	0	0	0	795507	0	0	0	0	2591365	0	0	0	28227341	0
FFQ	24	0	0	4	0	0	0	0	0	0	0	0	0	259421	0	0	0	0	0	0	0	0	0	317555	0	0	0	0	591279	0	0	0	0	785882	0	0	0	0	2578844	0	0	0	28276690	0
FFQ	25	0	0	120	0	0	0	0	0	0	0	0	0	265371	0	0	0	0	0	0	0	0	0	320293	0	0	0	0	596068	0	0	0	0	790644	0	0	0	0	2585408	0	0	0	28251771	0
FFQ	26	0	0	0	0	0	0	0	0	0	0	0	0	346836	0	0	0	0	0	0	0	0	0	317381	0	0	0	0	583014	0	0	0	0	782618	0	0	0	0	2572532	0	0	0	28207294	0
FFQ	27	0	0	0	0	0	0	0	0	0	0	0	0	350781	0	0	0	0	0	0	0	0	0	329166	0	0	0	0	591678	0	0	0	0	780512	0	0	0	0	2565022	0	0	0	28192516	0
FFQ	28	0	0	0	0	0	0	0	0	0	0	0	0	355365	0	0	0	0	0	0	0	0	0	333394	0	0	0	0	594935	0	0	0	0	781807	0	0	0	0	2567551	0	0	0	28176623	0
FFQ	29	0	0	0	0	0	0	0	0	0	0	0	0	369481	0	0	0	0	0	0	0	0	0	343998	0	0	0	0	607620	0	0	0	0	790822	0	0	0	0	2593024	0	0	0	28104730	0
FFQ	30	0	0	0	0	0	0	0	0	0	0	0	0	369574	0	0	0	0	0	0	0	0	0	344450	0	0	0	0	608636	0	0	0	0	792470	0	0	0	0	2600646	0	0	0	28093899	0
FFQ	31	0	0	0	0	0	0	0	0	0	0	0	0	372904	0	0	0	0	0	0	0	0	0	346374	0	0	0	0	611340	0	0	0	0	793643	0	0	0	0	2607683	0	0	0	28077731	0
FFQ	32	0	0	304	0	0	0	0	0	0	0	0	0	380758	0	0	0	0	0	0	0	0	0	349836	0	0	0	0	611351	0	0	0	0	794297	0	0	0	0	2617664	0	0	0	28055465	0
FFQ	33	0	0	0	0	0	0	0	0	0	0	0	0	373907	0	0	0	0	0	0	0	0	0	347514	0	0	0	0	611581	0	0	0	0	791556	0	0	0	0	2616957	0	0	0	28068160	0
FFQ	34	0	0	0	0	0	0	0	0	0	0	0	0	428443	0	0	0	0	0	0	0	0	0	357811	0	0	0	0	616607	0	0	0	0	793765	0	0	0	0	2608454	0	0	0	28004595	0
FFQ	35	0	0	108	0	0	0	0	0	0	0	0	0	378374	0	0	0	0	0	0	0	0	0	366862	0	0	0	0	642227	0	0	0	0	790575	0	0	0	0	2612220	0	0	0	28019309	0
FFQ	36	0	0	766	0	0	0	0	0	0	0	0	0	382742	0	0	0	0	0	0	0	0	0	351161	0	0	0	0	611705	0	0	0	0	794478	0	0	0	0	2648066	0	0	0	28019447	0
FFQ	37	0	0	0	0	0	0	0	0	0	0	0	0	388730	0	0	0	0	0	0	0	0	0	355887	0	0	0	0	616447	0	0	0	0	798422	0	0	0	0	2637508	0	0	0	28010042	0
FFQ	38	0	0	712	0	0	0	0	0	0	0	0	0	392337	0	0	0	0	0	0	0	0	0	355176	0	0	0	0	615838	0	0	0	0	800044	0	0	0	0	2633976	0	0	0	28007537	0
FFQ	39	0	0	0	0	0	0	0	0	0	0	0	0	397073	0	0	0	0	0	0	0	0	0	356590	0	0	0	0	618545	0	0	0	0	801183	0	0	0	0	2639700	0	0	0	27990930	0
FFQ	40	0	0	8	0	0	0	0	0	0	0	0	0	396263	0	0	0	0	0	0	0	0	0	356235	0	0	0	0	615603	0	0	0	0	799302	0	0	0	0	2638716	0	0	0	27996002	0
FFQ	41	0	0	71	0	0	0	0	0	0	0	0	0	399522	0	0	0	0	0	0	0	0	0	358647	0	0	0	0	618807	0	0	0	0	803440	0	0	0	0	2650994	0	0	0	27967656	0
FFQ	42	0	0	1046	0	0	0	0	0	0	0	0	0	408030	0	0	0	0	0	0	0	0	0	364699	0	0	0	0	627858	0	0	0	0	808907	0	0	0	0	2665226	0	0	0	27918097	0
FFQ	43	0	0	19	0	0	0	0	0	0	0	0	0	415482	0	0	0	0	0	0	0	0	0	367272	0	0	0	0	631586	0	0	0	0	809634	0	0	0	0	2675479	0	0	0	27887747	0
FFQ	44	0	0	1580	0	0	0	0	0	0	0	0	0	416687	0	0	0	0	0	0	0	0	0	368200	0	0	0	0	635234	0	0	0	0	810314	0	0	0	0	2681522	0	0	0	27855093	0
FFQ	45	0	0	6173	0	0	0	0	0	0	0	0	0	462829	0	0	0	0	0	0	0	0	0	377373	0	0	0	0	643760	0	0	0	0	808219	0	0	0	0	2690250	0	0	0	27775431	0
FFQ	46	0	0	1317	0	0	0	0	0	0	0	0	0	577313	0	0	0	0	0	0	0	0	0	420840	0	0	0	0	696342	0	0	0	0	809643	0	0	0	0	2716642	0	0	0	27528807	0
FFQ	47	0	0	61	0	0	0	0	0	0	0	0	0	431726	0	0	0	0	0	0	0	0	0	428415	0	0	0	0	746369	0	0	0	0	818133	0	0	0	0	2757345	0	0	0	27524184	0
FFQ	48	0	0	1262	0	0	0	0	0	0	0	0	0	430568	0	0	0	0	0	0	0	0	0	382717	0	0	0	0	660303	0	0	0	0	815135	0	0	0	0	2797352	0	0	0	27617645	0
FFQ	49	0	0	1	0	0	0	0	0	0	0	0	0	432584	0	0	0	0	0	0	0	0	0	378486	0	0	0	0	656646	0	0	0	0	812703	0	0	0	0	2737110	0	0	0	27686130	0
FFQ	50	0	0	1545	0	0	0	0	0	0	0	0	0	436741	0	0	0	0	0	0	0	0	0	373906	0	0	0	0	648531	0	0	0	0	814307	0	0	0	0	2716573	0	0	0	27710654	0
FFQ	51	0	0	91	0	0	0	0	0	0	0	0	0	537359	0	0	0	0	0	0	0	0	0	445490	0	0	0	0	758019	0	0	0	0	918890	0	0	0	0	3054406	0	0	0	26986690	0
# Last Fragment Qualities. Use `grep ^LFQ | cut -f 2-` to extract this part.
# Columns correspond to qualities and rows to cycles. First column is the cycle number.
LFQ	1	0	0	489444	0	0	0	0	0	0	0	0	0	1138992	0	0	0	0	0	0	0	0	0	1	0	0	0	0	1377910	0	0	0	0	29803313	0	0	0	0	15	0	0	0	0	0
LFQ	2	0	0	505	0	0	0	0	0	0	0	0	0	808726	0	0	0	0	0	0	0	0	0	0	0	0	0	0	899924	0	0	0	0	31099940	0	0	0	0	580	0	0	0	0	0
LFQ	3	0	0	33	0	0	0	0	0	0	0	0	0	815747	0	0	0	0	0	0	0	0	0	164	0	0	0	0	894478	0	0	0	0	7360227	0	0	0	0	23739026	0	0	0	0	0
LFQ	4	0	0	8828	0	0	0	0	0	0	0	0	0	907745	0	0	0	0	0	0	0	0	0	123877	0	0	0	0	822750	0	0	0	0	3154862	0	0	0	0	27791613	0	0	0	0	0
LFQ	5	0	0	1371	0	0	0	0	0	0	0	0	0	719878	0	0	0	0	0	0	0	0	0	278510	0	0	0	0	495721	0	0	0	0	1986888	0	0	0	0	29327294	0	0	0	13	0
LFQ	6	0	0	2173	0	0	0	0	0	0	0	0	0	750259	0	0	0	0	0	0	0	0	0	321646	0	0	0	0	499331	0	0	0	0	1782502	0	0	0	0	4068478	0	0	0	25385286	0
LFQ	7	0	0	550	0	0	0	0	0	0	0	0	0	672857	0	0	0	0	0	0	0	0	0	412948	0	0	0	0	382942	0	0	0	0	1436380	0	0	0	0	3252239	0	0	0	26651759	0
LFQ	8	0	0	8	0	0	0	0	0	0	0	0	0	685038	0	0	0	0	0	0	0	0	0	406102	0	0	0	0	387933	0	0	0	0	1370176	0	0	0	0	3032845	0	0	0	26927573	0
LFQ	9	0	0	938	0	0	0	0	0	0	0	0	0	647837	0	0	0	0	0	0	0	0	0	422918	0	0	0	0	497635	0	0	0	0	1137279	0	0	0	0	2870188	0	0	0	27232880	0
LFQ	10	0	0	0	0	0	0	0	0	0	0	0	0	632792	0	0	0	0	0	0	0	0	0	396565	0	0	0	0	422919	0	0	0	0	1223873	0	0	0	0	2944424	0	0	0	27189102	0
LFQ	11	0	0	0	0	0	0	0	0	0	0	0	0	621542	0	0	0	0	0	0	0	0	0	391927	0	0	0	0	426088	0	0	0	0	1158671	0	0	0	0	2798193	0	0	0	27413254	0
LFQ	12	0	0	462	0	0	0	0	0	0	0	0	0	618813	0	0	0	0	0	0	0	0	0	410246	0	0	0	0	487443	0	0	0	0	1082192	0	0	0	0	2730386	0	0	0	27480133	0
LFQ	13	0	0	0	0	0	0	0	0	0	0	0	0	633967	0	0	0	0	0	0	0	0	0	441794	0	0	0	0	587847	0	0	0	0	993624	0	0	0	0	2759489	0	0	0	27392954	0
LFQ	14	0	0	910	0	0	0	0	0	0	0	0	0	662947	0	0	0	0	0	0	0	0	0	441838	0	0	0	0	577038	0	0	0	0	1017868	0	0	0	0	2757675	0	0	0	27351399	0
LFQ	15	0	0	0	0	0	0	0	0	0	0	0	0	623934	0	0	0	0	0	0	0	0	0	473622	0	0	0	0	690410	0	0	0	0	887953	0	0	0	0	2750853	0	0	0	27382903	0
LFQ	16	0	0	5045	0	0	0	0	0	0	0	0	0	638884	0	0	0	0	0	0	0	0	0	485244	0	0	0	0	719742	0	0	0	0	845651	0	0	0	0	2776221	0	0	0	27338888	0
LFQ	17	0	0	4759	0	0	0	0	0	0	0	0	0	605050	0	0	0	0	0	0	0	0	0	466521	0	0	0	0	709110	0	0	0	0	831686	0	0	0	0	2744917	0	0	0	27447632	0
LFQ	18	0	0	5	0	0	0	0	0	0	0	0	0	656268	0	0	0	0	0	0	0	0	0	470022	0	0	0	0	709102	0	0	0	0	851465	0	0	0	0	2783744	0	0	0	27339069	0
LFQ	19	0	0	1503	0	0	0	0	0	0	0	0	0	607243	0	0	0	0	0	0	0	0	0	475828	0	0	0	0	724858	0	0	0	0	831265	0	0	0	0	2756759	0	0	0	27412219	0
LFQ	20	0	0	251	0	0	0	0	0	0	0	0	0	593809	0	0	0	0	0	0	0	0	0	460770	0	0	0	0	699269	0	0	0	0	834136	0	0	0	0	2770445	0	0	0	27450995	0
LFQ	21	0	0	288	0	0	0	0	0	0	0	0	0	624302	0	0	0	0	0	0	0	0	0	474187	0	0	0	0	719733	0	0	0	0	851130	0	0	0	0	2806294	0	0	0	27333741	0
LFQ	22	0	0	1285	0	0	0	0	0	0	0	0	0	611250	0	0	0	0	0	0	0	0	0	469430	0	0	0	0	711486	0	0	0	0	844220	0	0	0	0	2790624	0	0	0	27381380	0
LFQ	23	0	0	6306	0	0	0	0	0	0	0	0	0	617889	0	0	0	0	0	0	0	0	0	469227	0	0	0	0	711676	0	0	0	0	844890	0	0	0	0	2791983	0	0	0	27367704	0
LFQ	24	0	0	0	0	0	0	0	0	0	0	0	0	612509	0	0	0	0	0	0	0	0	0	470067	0	0	0	0	714516	0	0	0	0	848003	0	0	0	0	2800713	0	0	0	27363867	0
LFQ	25	0	0	0	0	0	0	0	0	0	0	0	0	623462	0	0	0	0	0	0	0	0	0	471065	0	0	0	0	717833	0	0	0	0	851335	0	0	0	0	2819393	0	0	0	27326587	0
LFQ	26	0	0	83	0	0	0	0	0	0	0	0	0	631827	0	0	0	0	0	0	0	0	0	473260	0	0	0	0	722441	0	0	0	0	855530	0	0	0	0	2832489	0	0	0	27294045	0
LFQ	27	0	0	0	0	0	0	0	0	0	0	0	0	616932	0	0	0	0	0	0	0	0	0	474350	0	0	0	0	723454	0	0	0	0	856577	0	0	0	0	2836785	0	0	0	27301577	0
LFQ	28	0	0	0	0	0	0	0	0	0	0	0	0	639392	0	0	0	0	0	0	0	0	0	479906	0	0	0	0	731920	0	0	0	0	865959	0	0	0	0	2866666	0	0	0	27225832	0
LFQ	29	0	0	0	0	0	0	0	0	0	0	0	0	633532	0	0	0	0	0	0	0	0	0	475738	0	0	0	0	725251	0	0	0	0	864397	0	0	0	0	2874031	0	0	0	27236726	0
LFQ	30	0	0	1748	0	0	0	0	0	0	0	0	0	706201	0	0	0	0	0	0	0	0	0	500977	0	0	0	0	750042	0	0	0	0	876764	0	0	0	0	2904682	0	0	0	27069261	0
LFQ	31	0	0	1149	0	0	0	0	0	0	0	0	0	654141	0	0	0	0	0	0	0	0	0	512421	0	0	0	0	779726	0	0	0	0	883464	0	0	0	0	2932809	0	0	0	27045965	0
LFQ	32	0	0	0	0	0	0	0	0	0	0	0	0	651769	0	0	0	0	0	0	0	0	0	495960	0	0	0	0	749748	0	0	0	0	885982	0	0	0	0	2967092	0	0	0	27059124	0
LFQ	33	0	0	22	0	0	0	0	0	0	0	0	0	658582	0	0	0	0	0	0	0	0	0	492106	0	0	0	0	744038	0	0	0	0	882172	0	0	0	0	2943196	0	0	0	27089559	0
LFQ	34	0	0	0	0	0	0	0	0	0	0	0	0	664695	0	0	0	0	0	0	0	0	0	494102	0	0	0	0	751679	0	0	0	0	887633	0	0	0	0	2952716	0	0	0	27058850	0
LFQ	35	0	0	42	0	0	0	0	0	0	0	0	0	667837	0	0	0	0	0	0	0	0	0	501027	0	0	0	0	760686	0	0	0	0	897619	0	0	0	0	2981540	0	0	0	27000924	0
LFQ	36	0	0	0	0	0	0	0	0	0	0	0	0	681226	0	0	0	0	0	0	0	0	0	505615	0	0	0	0	766423	0	0	0	0	903961	0	0	0	0	3012458	0	0	0	26938671	0
LFQ	37	0	0	0	0	0	0	0	0	0	0	0	0	713645	0	0	0	0	0	0	0	0	0	509084	0	0	0	0	765804	0	0	0	0	897331	0	0	0	0	2992983	0	0	0	26928171	0
LFQ	38	0	0	0	0	0	0	0	0	0	0	0	0	699926	0	0	0	0	0	0	0	0	0	517624	0	0	0	0	793312	0	0	0	0	885766	0	0	0	0	2973348	0	0	0	26935626	0
LFQ	39	0	0	0	0	0	0	0	0	0	0	0	0	702267	0	0	0	0	0	0	0	0	0	520954	0	0	0	0	792985	0	0	0	0	886787	0	0	0	0	2983997	0	0	0	26916976	0
LFQ	40	0	0	59	0	0	0	0	0	0	0	0	0	672194	0	0	0	0	0	0	0	0	0	515865	0	0	0	0	791610	0	0	0	0	886655	0	0	0	0	2996260	0	0	0	26939421	0
LFQ	41	0	0	0	0	0	0	0	0	0	0	0	0	693193	0	0	0	0	0	0	0	0	0	512679	0	0	0	0	784151	0	0	0	0	899709	0	0	0	0	3038988	0	0	0	26870269	0
LFQ	42	0	0	0	0	0	0	0	0	0	0	0	0	695682	0	0	0	0	0	0	0	0	0	514394	0	0	0	0	787295	0	0	0	0	900792	0	0	0	0	3044020	0	0	0	26851436	0
LFQ	43	0	0	22	0	0	0	0	0	0	0	0	0	713743	0	0	0	0	0	0	0	0	0	517272	0	0	0	0	793988	0	0	0	0	919828	0	0	0	0	3075142	0	0	0	26766782	0
LFQ	44	0	0	1013	0	0	0	0	0	0	0	0	0	728947	0	0	0	0	0	0	0	0	0	527638	0	0	0	0	809567	0	0	0	0	956747	0	0	0	0	3102291	0	0	0	26641767	0
LFQ	45	0	0	197	0	0	0	0	0	0	0	0	0	734583	0	0	0	0	0	0	0	0	0	532625	0	0	0	0	816746	0	0	0	0	1039502	0	0	0	0	3057986	0	0	0	26581748	0
LFQ	46	0	0	0	0	0	0	0	0	0	0	0	0	750614	0	0	0	0	0	0	0	0	0	538348	0	0	0	0	821398	0	0	0	0	1104591	0	0	0	0	3039739	0	0	0	26495157	0
LFQ	47	0	0	1482	0	0	0	0	0	0	0	0	0	754017	0	0	0	0	0	0	0	0	0	536794	0	0	0	0	819448	0	0	0	0	1112722	0	0	0	0	3044717	0	0	0	26435603	0
LFQ	48	0	0	0	0	0	0	0	0	0	0	0	0	785186	0	0	0	0	0	0	0	0	0	547508	0	0	0	0	832053	0	0	0	0	1115949	0	0	0	0	3073357	0	0	0	26349479	0
LFQ	49	0	0	0	0	0	0	0	0	0	0	0	0	771852	0	0	0	0	0	0	0	0	0	557507	0	0	0	0	854397	0	0	0	0	1132421	0	0	0	0	3103567	0	0	0	26282466	0
LFQ	50	0	0	17	0	0	0	0	0	0	0	0	0	786070	0	0	0	0	0	0	0	0	0	559829	0	0	0	0	854402	0	0	0	0	1148613	0	0	0	0	3141559	0	0	0	26210317	0
LFQ	51	0	0	952	0	0	0	0	0	0	0	0	0	959956	0	0	0	0	0	0	0	0	0	666621	0	0	0	0	1010592	0	0	0	0	1332211	0	0	0	0	3656846	0	0	0	25072317	0
# GC Content of first fragments. Use `grep ^GCF | cut -f 2-` to extract this part.
GCF	0.75	53
GCF	1.76	171
GCF	2.76	172
GCF	3.77	290
GCF	4.27	291
GCF	5.03	296
GCF	5.78	780
GCF	6.28	779
GCF	6.78	780
GCF	7.29	778
GCF	8.29	1396
GCF	9.30	1399
GCF	9.80	2834
GCF	10.30	2835
GCF	11.06	2839
GCF	11.81	5749
GCF	12.31	5751
GCF	12.81	5770
GCF	13.32	5780
GCF	13.82	11051
GCF	14.32	11055
GCF	14.82	11076
GCF	15.33	11113
GCF	15.83	21163
GCF	16.33	21197
GCF	16.83	21191
GCF	17.34	21234
GCF	17.84	38472
GCF	18.34	38475
GCF	18.84	38487
GCF	19.35	38544
GCF	19.85	67657
GCF	20.35	67682
GCF	20.85	67732
GCF	21.36	110562
GCF	21.86	110725
GCF	22.36	110839
GCF	22.86	110851
GCF	23.37	170949
GCF	23.87	171138
GCF	24.37	171107
GCF	24.87	171111
GCF	25.38	254520
GCF	25.88	254583
GCF	26.38	254627
GCF	26.88	254887
GCF	27.39	359014
GCF	27.89	358998
GCF	28.39	359494
GCF	28.89	359645
GCF	29.40	482539
GCF	29.90	482555
GCF	30.40	482930
GCF	30.90	482902
GCF	31.41	623703
GCF	31.91	623775
GCF	32.66	624149
GCF	33.42	790479
GCF	33.92	790534
GCF	34.42	790556
GCF	34.92	790986
GCF	35.43	963953
GCF	35.93	964131
GCF	36.43	964274
GCF	36.93	964798
GCF	37.44	1158421
GCF	37.94	1158588
GCF	38.44	1158631
GCF	38.94	1159201
GCF	39.45	1366897
GCF	39.95	1367246
GCF	40.45	1367338
GCF	40.95	1573571
GCF	41.46	1573837
GCF	41.96	1574144
GCF	42.46	1574030
GCF	42.96	1755445
GCF	43.47	1755669
GCF	43.97	1755722
GCF	44.47	1755900
GCF	44.97	1939555
GCF	45.48	1940198
GCF	45.98	1940314
GCF	46.48	1940337
GCF	46.98	2122079
GCF	47.49	2122033
GCF	47.99	2122252
GCF	48.49	2122346
GCF	49.25	2256078
GCF	50.25	2256170
GCF	51.01	2338484
GCF	51.51	2338490
GCF	52.01	2338322
GCF	52.51	2338344
GCF	53.02	2330322
GCF	53.52	2330197
GCF	54.02	2330279
GCF	54.52	2329702
GCF	55.03	2253341
GCF	55.53	2253139
GCF	56.03	2252862
GCF	56.53	2252389
GCF	57.04	2082531
GCF	57.54	2082385
GCF	58.04	2082154
GCF	58.54	2081491
GCF	59.05	1837097
GCF	59.55	1837042
GCF	60.05	1837000
GCF	60.55	1543330
GCF	61.06	1543102
GCF	61.56	1542900
GCF	62.06	1542558
GCF	62.56	1221738
GCF	63.07	1221063
GCF	63.57	1220946
GCF	64.07	1220850
GCF	64.57	920966
GCF	65.08	920378
GCF	65.58	920337
GCF	66.08	920172
GCF	66.83	659670
GCF	67.59	659043
GCF	68.09	658908
GCF	68.59	464954
GCF	69.10	464820
GCF	69.60	464535
GCF	70.10	464497
GCF	70.60	321820
GCF	71.11	321796
GCF	71.61	321442
GCF	72.11	321261
GCF	72.61	228176
GCF	73.12	228072
GCF	73.62	228033
GCF	74.12	227955
GCF	74.62	165914
GCF	75.13	165875
GCF	75.63	165835
GCF	76.13	165750
GCF	76.63	116962
GCF	77.14	116940
GCF	77.64	116922
GCF	78.14	116897
GCF	78.64	89921
GCF	79.15	89907
GCF	79.65	89923
GCF	80.15	69414
GCF	80.65	69368
GCF	81.16	69331
GCF	81.66	69318
GCF	82.16	46058
GCF	82.66	46035
GCF	83.17	46032
GCF	83.67	46026
GCF	84.17	28517
GCF	84.67	28520
GCF	85.18	28481
GCF	85.68	28477
GCF	86.18	15902
GCF	86.68	15891
GCF	87.19	15875
GCF	87.69	15871
GCF	88.19	10477
GCF	88.69	10468
GCF	89.20	10466
GCF	89.70	10458
GCF	90.20	3193
GCF	90.70	3185
GCF	91.21	3181
GCF	91.71	3177
GCF	92.46	907
GCF	93.22	902
GCF	93.72	896
GCF	94.22	190
GCF	94.72	189
GCF	95.23	186
GCF	95.73	185
GCF	96.48	25
GCF	97.24	23
GCF	97.74	22
GCF	98.99	3
# GC Content of last fragments. Use `grep ^GCL | cut -f 2-` to extract this part.
GCL	0.75	56
GCL	1.76	171
GCL	2.76	172
GCL	3.77	310
GCL	4.27	313
GCL	5.03	314
GCL	6.03	762
GCL	6.78	765
GCL	7.29	766
GCL	7.79	1486
GCL	8.29	1487
GCL	8.79	1488
GCL	9.30	1490
GCL	9.80	3095
GCL	10.30	3098
GCL	10.80	3099
GCL	11.31	3103
GCL	11.81	6269
GCL	12.31	6274
GCL	12.81	6299
GCL	13.32	6308
GCL	13.82	11986
GCL	14.32	11991
GCL	14.82	12019
GCL	15.33	12076
GCL	15.83	23079
GCL	16.33	23092
GCL	16.83	23069
GCL	17.34	23094
GCL	17.84	42144
GCL	18.34	42153
GCL	18.84	42180
GCL	19.35	42290
GCL	19.85	73814
GCL	20.35	73825
GCL	20.85	73883
GCL	21.36	120296
GCL	21.86	120423
GCL	22.36	120561
GCL	22.86	120586
GCL	23.37	183623
GCL	23.87	183770
GCL	24.37	183734
GCL	24.87	183739
GCL	25.38	271105
GCL	25.88	271211
GCL	26.38	271276
GCL	26.88	271561
GCL	27.39	380137
GCL	27.89	380113
GCL	28.39	380624
GCL	28.89	380759
GCL	29.40	505857
GCL	29.90	505863
GCL	30.40	506196
GCL	30.90	506136
GCL	31.41	650332
GCL	31.91	650367
GCL	32.66	650800
GCL	33.42	815581
GCL	33.92	815692
GCL	34.42	815715
GCL	34.92	816203
GCL	35.43	988970
GCL	35.93	989118
GCL	36.43	989248
GCL	36.93	989780
GCL	37.44	1182149
GCL	37.94	1182326
GCL	38.44	1182374
GCL	38.94	1182899
GCL	39.45	1385262
GCL	39.95	1385592
GCL	40.45	1385766
GCL	40.95	1588794
GCL	41.46	1589024
GCL	41.96	1589411
GCL	42.46	1589359
GCL	42.96	1765692
GCL	43.47	1766045
GCL	43.97	1766015
GCL	44.47	1766188
GCL	44.97	1939523
GCL	45.48	1939908
GCL	45.98	1939994
GCL	46.48	1940002
GCL	46.98	2112482
GCL	47.49	2112558
GCL	47.99	2112832
GCL	48.49	2112885
GCL	49.25	2236112
GCL	50.25	2236174
GCL	51.01	2309740
GCL	51.51	2309783
GCL	52.01	2309675
GCL	52.51	2309820
GCL	53.02	2296206
GCL	53.52	2296093
GCL	54.02	2296195
GCL	54.52	2295456
GCL	55.03	2216922
GCL	55.53	2216781
GCL	56.03	2216493
GCL	56.53	2216072
GCL	57.04	2046823
GCL	57.54	2046693
GCL	58.04	2046560
GCL	58.54	2045906
GCL	59.05	1806099
GCL	59.55	1806024
GCL	60.05	1805795
GCL	60.55	1519421
GCL	61.06	1519032
GCL	61.56	1518839
GCL	62.06	1518502
GCL	62.56	1207392
GCL	63.07	1206768
GCL	63.57	1206654
GCL	64.07	1206626
GCL	64.57	912116
GCL	65.08	911376
GCL	65.58	911326
GCL	66.08	911186
GCL	66.83	654964
GCL	67.59	654408
GCL	68.09	654279
GCL	68.59	465651
GCL	69.10	465520
GCL	69.60	465289
GCL	70.10	465209
GCL	70.60	322602
GCL	71.11	322601
GCL	71.61	322253
GCL	72.11	322090
GCL	72.61	229067
GCL	73.12	228974
GCL	73.62	228910
GCL	74.12	228806
GCL	74.62	167695
GCL	75.13	167652
GCL	75.63	167622
GCL	76.13	167532
GCL	76.63	118496
GCL	77.14	118479
GCL	77.64	118461
GCL	78.14	118450
GCL	78.64	90242
GCL	79.15	90199
GCL	79.65	90201
GCL	80.15	69605
GCL	80.65	69556
GCL	81.16	69530
GCL	81.66	69511
GCL	82.16	46141
GCL	82.66	46113
GCL	83.17	46110
GCL	83.67	46100
GCL	84.17	28411
GCL	84.67	28420
GCL	85.18	28382
GCL	85.68	28369
GCL	86.18	16196
GCL	86.68	16182
GCL	87.19	16154
GCL	87.69	16147
GCL	88.19	10191
GCL	88.69	10184
GCL	89.20	10180
GCL	89.70	10172
GCL	90.20	3332
GCL	90.95	3324
GCL	91.71	3319
GCL	92.21	906
GCL	92.71	907
GCL	93.22	903
GCL	93.72	898
GCL	94.22	210
GCL	94.72	208
GCL	95.23	205
GCL	95.73	203
GCL	96.48	40
GCL	97.24	37
GCL	97.74	35
GCL	98.99	49
# ACGT content per cycle. Use `grep ^GCC | cut -f 2-` to extract this part. The columns are: cycle; A,C,G,T base counts as a percentage of all A/C/G/T bases [%]; and N and O counts as a percentage of all A/C/G/T bases [%]
GCC	1	15.16	34.91	34.95	14.98	0.88	0.00
GCC	2	27.28	22.83	22.83	27.05	0.01	0.00
GCC	3	22.36	27.76	27.70	22.18	0.00	0.00
GCC	4	24.13	26.01	25.93	23.93	0.02	0.00
GCC	5	25.77	24.35	24.28	25.60	0.00	0.00
GCC	6	27.17	22.96	22.86	27.01	0.00	0.00
GCC	7	28.06	22.03	21.92	27.99	0.00	0.00
GCC	8	24.67	25.43	25.33	24.56	0.00	0.00
GCC	9	25.33	24.77	24.66	25.24	0.00	0.00
GCC	10	28.27	21.82	21.77	28.14	0.00	0.00
GCC	11	22.08	28.01	27.90	22.00	0.00	0.00
GCC	12	24.31	25.76	25.70	24.24	0.00	0.00
GCC	13	26.12	23.95	23.84	26.08	0.00	0.00
GCC	14	25.78	24.31	24.23	25.69	0.00	0.00
GCC	15	25.27	24.82	24.74	25.17	0.00	0.00
GCC	16	25.18	24.91	24.83	25.08	0.01	0.00
GCC	17	25.17	24.88	24.81	25.14	0.01	0.00
GCC	18	25.29	24.77	24.73	25.21	0.00	0.00
GCC	19	25.16	24.91	24.84	25.09	0.00	0.00
GCC	20	25.27	24.80	24.76	25.17	0.00	0.00
GCC	21	25.38	24.70	24.64	25.29	0.00	0.00
GCC	22	25.35	24.73	24.66	25.26	0.00	0.00
GCC	23	25.39	24.67	24.62	25.32	0.01	0.00
GCC	24	25.46	24.58	24.57	25.39	0.00	0.00
GCC	25	25.29	24.79	24.73	25.20	0.00	0.00
GCC	26	25.36	24.69	24.65	25.29	0.00	0.00
GCC	27	25.33	24.69	24.65	25.33	0.00	0.00
GCC	28	25.23	24.82	24.78	25.17	0.00	0.00
GCC	29	25.25	24.81	24.74	25.20	0.00	0.00
GCC	30	25.38	24.66	24.63	25.33	0.00	0.00
GCC	31	25.34	24.73	24.66	25.27	0.00	0.00
GCC	32	25.44	24.60	24.56	25.40	0.00	0.00
GCC	33	25.43	24.62	24.56	25.38	0.00	0.00
GCC	34	25.30	24.75	24.73	25.22	0.00	0.00
GCC	35	25.29	24.75	24.70	25.26	0.00	0.00
GCC	36	25.33	24.72	24.66	25.30	0.00	0.00
GCC	37	25.24	24.83	24.76	25.18	0.00	0.00
GCC	38	25.32	24.74	24.68	25.27	0.00	0.00
GCC	39	25.37	24.68	24.63	25.33	0.00	0.00
GCC	40	25.29	24.78	24.71	25.22	0.00	0.00
GCC	41	25.37	24.71	24.62	25.31	0.00	0.00
GCC	42	25.48	24.59	24.53	25.41	0.00	0.00
GCC	43	25.34	24.74	24.67	25.25	0.00	0.00
GCC	44	25.40	24.68	24.58	25.34	0.00	0.00
GCC	45	25.42	24.66	24.58	25.34	0.01	0.00
GCC	46	25.24	24.82	24.76	25.18	0.00	0.00
GCC	47	25.36	24.71	24.63	25.30	0.00	0.00
GCC	48	25.41	24.67	24.59	25.34	0.00	0.00
GCC	49	25.24	24.84	24.75	25.16	0.00	0.00
GCC	50	25.34	24.72	24.67	25.28	0.00	0.00
GCC	51	25.40	24.65	24.60	25.34	0.00	0.00
# ACGT content per cycle, read oriented. Use `grep ^GCT | cut -f 2-` to extract this part. The columns are: cycle; A,C,G,T base counts as a percentage of all A/C/G/T bases [%]
GCT	1	12.45	42.91	26.95	17.69
GCT	2	20.65	23.19	22.48	33.69
GCT	3	22.09	26.50	28.96	22.45
GCT	4	28.99	23.64	28.30	19.07
GCT	5	30.00	19.97	28.65	21.37
GCT	6	32.96	22.01	23.81	21.22
GCT	7	18.08	23.43	20.51	37.97
GCT	8	22.38	28.44	22.32	26.86
GCT	9	21.14	27.17	22.26	29.43
GCT	10	33.94	19.94	23.65	22.47
GCT	11	24.41	27.81	28.11	19.68
GCT	12	22.45	27.04	24.41	26.10
GCT	13	24.82	24.15	23.65	27.38
GCT	14	24.84	24.42	24.11	26.63
GCT	15	24.78	25.02	24.54	25.66
GCT	16	24.87	24.84	24.90	25.39
GCT	17	25.16	24.64	25.04	25.16
GCT	18	25.43	24.70	24.80	25.07
GCT	19	25.07	24.91	24.84	25.18
GCT	20	25.27	24.77	24.79	25.17
GCT	21	25.23	24.80	24.53	25.44
GCT	22	25.33	24.73	24.65	25.28
GCT	23	25.39	24.55	24.74	25.33
GCT	24	25.53	24.49	24.66	25.32
GCT	25	25.34	24.71	24.81	25.14
GCT	26	25.49	24.53	24.82	25.17
GCT	27	25.35	24.74	24.60	25.31
GCT	28	25.16	24.87	24.73	25.24
GCT	29	25.23	24.80	24.75	25.22
GCT	30	25.37	24.73	24.56	25.34
GCT	31	25.32	24.81	24.58	25.30
GCT	32	25.56	24.53	24.63	25.28
GCT	33	25.41	24.64	24.54	25.41
GCT	34	25.32	24.77	24.71	25.20
GCT	35	25.35	24.67	24.79	25.19
GCT	36	25.36	24.72	24.65	25.27
GCT	37	25.21	24.86	24.73	25.20
GCT	38	25.40	24.63	24.79	25.19
GCT	39	25.38	24.71	24.60	25.31
GCT	40	25.30	24.79	24.70	25.22
GCT	41	25.41	24.64	24.69	25.27
GCT	42	25.45	24.61	24.51	25.43
GCT	43	25.26	24.76	24.65	25.34
GCT	44	25.39	24.54	24.72	25.35
GCT	45	25.33	24.64	24.60	25.43
GCT	46	25.20	24.78	24.80	25.22
GCT	47	25.35	24.55	24.80	25.30
GCT	48	25.36	24.66	24.60	25.38
GCT	49	25.07	24.91	24.69	25.33
GCT	50	25.29	24.70	24.69	25.32
GCT	51	25.29	24.71	24.55	25.46
# ACGT content per cycle for first fragments. Use `grep ^FBC | cut -f 2-` to extract this part. The columns are: cycle; A,C,G,T base counts as a percentage of all A/C/G/T bases [%]; and N and O counts as a percentage of all A/C/G/T bases [%]
FBC	1	15.07	35.00	35.03	14.89	0.25	0.00
FBC	2	27.31	22.80	22.80	27.08	0.02	0.00
FBC	3	22.37	27.75	27.69	22.18	0.00	0.00
FBC	4	24.16	25.98	25.91	23.96	0.01	0.00
FBC	5	25.73	24.39	24.32	25.56	0.00	0.00
FBC	6	27.17	22.96	22.86	27.01	0.00	0.00
FBC	7	28.05	22.04	21.93	27.98	0.00	0.00
FBC	8	24.68	25.43	25.33	24.56	0.00	0.00
FBC	9	25.33	24.76	24.67	25.23	0.00	0.00
FBC	10	28.25	21.84	21.80	28.11	0.00	0.00
FBC	11	22.04	28.06	27.95	21.95	0.00	0.00
FBC	12	24.27	25.80	25.74	24.19	0.00	0.00
FBC	13	26.07	24.01	23.90	26.02	0.00	0.00
FBC	14	25.74	24.35	24.26	25.65	0.00	0.00
FBC	15	25.22	24.87	24.78	25.12	0.00	0.00
FBC	16	25.13	24.96	24.88	25.03	0.00	0.00
FBC	17	25.12	24.92	24.85	25.11	0.01	0.00
FBC	18	25.26	24.82	24.76	25.16	0.00	0.00
FBC	19	25.11	24.96	24.89	25.04	0.00	0.00
FBC	20	25.22	24.85	24.81	25.12	0.00	0.00
FBC	21	25.32	24.75	24.69	25.23	0.00	0.00
FBC	22	25.30	24.78	24.72	25.19	0.00	0.00
FBC	23	25.33	24.73	24.68	25.26	0.00	0.00
FBC	24	25.41	24.63	24.63	25.33	0.00	0.00
FBC	25	25.24	24.84	24.78	25.14	0.00	0.00
FBC	26	25.31	24.74	24.70	25.25	0.00	0.00
FBC	27	25.29	24.74	24.69	25.28	0.00	0.00
FBC	28	25.18	24.88	24.83	25.11	0.00	0.00
FBC	29	25.19	24.86	24.78	25.16	0.00	0.00
FBC	30	25.34	24.71	24.66	25.29	0.00	0.00
FBC	31	25.29	24.79	24.70	25.22	0.00	0.00
FBC	32	25.39	24.65	24.60	25.35	0.00	0.00
FBC	33	25.39	24.67	24.60	25.33	0.00	0.00
FBC	34	25.25	24.81	24.78	25.16	0.00	0.00
FBC	35	25.25	24.80	24.75	25.21	0.00	0.00
FBC	36	25.29	24.76	24.69	25.26	0.00	0.00
FBC	37	25.19	24.88	24.80	25.13	0.00	0.00
FBC	38	25.29	24.76	24.72	25.23	0.00	0.00
FBC	39	25.33	24.72	24.66	25.28	0.00	0.00
FBC	40	25.25	24.83	24.75	25.17	0.00	0.00
FBC	41	25.32	24.76	24.66	25.27	0.00	0.00
FBC	42	25.44	24.62	24.58	25.37	0.00	0.00
FBC	43	25.30	24.79	24.71	25.21	0.00	0.00
FBC	44	25.36	24.73	24.62	25.29	0.00	0.00
FBC	45	25.38	24.70	24.62	25.30	0.02	0.00
FBC	46	25.18	24.88	24.82	25.12	0.00	0.00
FBC	47	25.32	24.75	24.66	25.26	0.00	0.00
FBC	48	25.37	24.70	24.64	25.30	0.00	0.00
FBC	49	25.20	24.89	24.79	25.12	0.00	0.00
FBC	50	25.30	24.75	24.70	25.25	0.00	0.00
FBC	51	25.38	24.69	24.63	25.31	0.00	0.00
# ACGT raw counters for first fragments. Use `grep ^FTC | cut -f 2-` to extract this part. The columns are: A,C,G,T,N base counters
FTC	420309205	417169000	416071532	418888658	109266
# ACGT content per cycle for last fragments. Use `grep ^LBC | cut -f 2-` to extract this part. The columns are: cycle; A,C,G,T base counts as a percentage of all A/C/G/T bases [%]; and N and O counts as a percentage of all A/C/G/T bases [%]
LBC	1	15.25	34.81	34.87	15.07	1.51	0.00
LBC	2	27.25	22.86	22.86	27.03	0.00	0.00
LBC	3	22.34	27.77	27.71	22.18	0.00	0.00
LBC	4	24.11	26.04	25.95	23.90	0.03	0.00
LBC	5	25.82	24.31	24.23	25.64	0.00	0.00
LBC	6	27.17	22.96	22.86	27.00	0.01	0.00
LBC	7	28.07	22.02	21.91	28.00	0.00	0.00
LBC	8	24.67	25.44	25.33	24.56	0.00	0.00
LBC	9	25.32	24.77	24.65	25.25	0.00	0.00
LBC	10	28.29	21.80	21.74	28.17	0.00	0.00
LBC	11	22.13	27.96	27.86	22.05	0.00	0.00
LBC	12	24.34	25.72	25.65	24.28	0.00	0.00
LBC	13	26.17	23.89	23.79	26.14	0.00	0.00
LBC	14	25.82	24.26	24.19	25.73	0.00	0.00
LBC	15	25.32	24.76	24.70	25.22	0.00	0.00
LBC	16	25.22	24.86	24.78	25.14	0.02	0.00
LBC	17	25.23	24.83	24.76	25.18	0.01	0.00
LBC	18	25.33	24.72	24.69	25.25	0.00	0.00
LBC	19	25.20	24.86	24.79	25.15	0.00	0.00
LBC	20	25.32	24.75	24.71	25.22	0.00	0.00
LBC	21	25.43	24.64	24.58	25.34	0.00	0.00
LBC	22	25.40	24.68	24.59	25.33	0.00	0.00
LBC	23	25.45	24.61	24.56	25.38	0.02	0.00
LBC	24	25.52	24.52	24.52	25.44	0.00	0.00
LBC	25	25.33	24.73	24.67	25.26	0.00	0.00
LBC	26	25.41	24.65	24.61	25.33	0.00	0.00
LBC	27	25.38	24.64	24.61	25.38	0.00	0.00
LBC	28	25.28	24.77	24.73	25.23	0.00	0.00
LBC	29	25.30	24.75	24.70	25.25	0.00	0.00
LBC	30	25.43	24.61	24.60	25.37	0.01	0.00
LBC	31	25.40	24.67	24.61	25.32	0.00	0.00
LBC	32	25.49	24.55	24.51	25.45	0.00	0.00
LBC	33	25.48	24.58	24.52	25.43	0.00	0.00
LBC	34	25.35	24.70	24.67	25.28	0.00	0.00
LBC	35	25.33	24.70	24.66	25.30	0.00	0.00
LBC	36	25.37	24.68	24.62	25.33	0.00	0.00
LBC	37	25.28	24.78	24.71	25.23	0.00	0.00
LBC	38	25.36	24.71	24.63	25.30	0.00	0.00
LBC	39	25.40	24.65	24.59	25.37	0.00	0.00
LBC	40	25.34	24.73	24.66	25.27	0.00	0.00
LBC	41	25.41	24.66	24.58	25.35	0.00	0.00
LBC	42	25.51	24.55	24.48	25.45	0.00	0.00
LBC	43	25.38	24.69	24.63	25.30	0.00	0.00
LBC	44	25.45	24.64	24.54	25.38	0.00	0.00
LBC	45	25.46	24.63	24.53	25.38	0.00	0.00
LBC	46	25.30	24.77	24.70	25.24	0.00	0.00
LBC	47	25.39	24.68	24.60	25.34	0.00	0.00
LBC	48	25.44	24.63	24.55	25.38	0.00	0.00
LBC	49	25.28	24.80	24.72	25.20	0.00	0.00
LBC	50	25.37	24.68	24.65	25.31	0.00	0.00
LBC	51	25.43	24.62	24.58	25.37	0.00	0.00
# ACGT raw counters for last fragments. Use `grep ^LTC | cut -f 2-` to extract this part. The columns are: A,C,G,T,N base counters
LTC	421493163	415690414	414655020	420166998	531450
# Insert sizes. Use `grep ^IS | cut -f 2-` to extract this part. The columns are: insert size, pairs total, inward oriented pairs, outward oriented pairs, other pairs
IS	0	0	0	0	0
IS	1	0	0	0	0
IS	2	0	0	0	0
IS	3	0	0	0	0
IS	4	0	0	0	0
IS	5	0	0	0	0
IS	6	0	0	0	0
IS	7	0	0	0	0
IS	8	0	0	0	0
IS	9	0	0	0	0
IS	10	0	0	0	0
IS	11	0	0	0	0
IS	12	0	0	0	0
IS	13	0	0	0	0
IS	14	0	0	0	0
IS	15	0	0	0	0
IS	16	0	0	0	0
IS	17	0	0	0	0
IS	18	0	0	0	0
IS	19	0	0	0	0
IS	20	1	1	0	0
IS	21	0	0	0	0
IS	22	0	0	0	0
IS	23	1	1	0	0
IS	24	2	1	1	0
IS	25	6	4	2	0
IS	26	18	8	10	0
IS	27	29	13	16	0
IS	28	35	13	22	0
IS	29	56	31	25	0
IS	30	75	34	41	0
IS	31	102	39	63	0
IS	32	106	56	50	0
IS	33	144	74	70	0
IS	34	240	112	128	0
IS	35	817	421	396	0
IS	36	845	446	399	0
IS	37	821	418	403	0
IS	38	803	424	379	0
IS	39	820	433	387	0
IS	40	834	458	376	0
IS	41	865	480	385	0
IS	42	843	485	358	0
IS	43	878	489	389	0
IS	44	859	469	390	0
IS	45	823	454	369	0
IS	46	942	533	409	0
IS	47	952	534	418	0
IS	48	1019	608	411	0
IS	49	1005	560	445	0
IS	50	1078	624	454	0
IS	51	1371	909	462	0
IS	52	1432	1432	0	0
IS	53	1467	1460	7	0
IS	54	1445	1440	5	0
IS	55	1481	1473	8	0
IS	56	1481	1478	3	0
IS	57	1618	1608	10	0
IS	58	1702	1696	6	0
IS	59	1726	1724	2	0
IS	60	1708	1702	6	0
IS	61	1882	1878	4	0
IS	62	2133	2128	5	0
IS	63	2046	2043	3	0
IS	64	1971	1967	4	0
IS	65	2113	2102	11	0
IS	66	2123	2112	11	0
IS	67	2288	2274	14	0
IS	68	2453	2447	6	0
IS	69	2718	2713	5	0
IS	70	2877	2875	2	0
IS	71	3329	3324	5	0
IS	72	3984	3977	7	0
IS	73	3755	3749	6	0
IS	74	4076	4068	8	0
IS	75	4307	4299	8	0
IS	76	4741	4732	9	0
IS	77	4887	4883	4	0
IS	78	5427	5426	1	0
IS	79	6059	6058	1	0
IS	80	6984	6980	4	0
IS	81	8417	8414	3	0
IS	82	9221	9218	3	0
IS	83	10428	10425	3	0
IS	84	11256	11254	2	0
IS	85	12213	12206	7	0
IS	86	13330	13322	8	0
IS	87	14333	14331	2	0
IS	88	15882	15879	3	0
IS	89	17656	17654	2	0
IS	90	20164	20159	5	0
IS	91	23336	23329	7	0
IS	92	27039	27036	3	0
IS	93	30172	30165	7	0
IS	94	33491	33486	5	0
IS	95	35682	35678	4	0
IS	96	37782	37769	13	0
IS	97	40859	40855	4	0
IS	98	44148	44141	7	0
IS	99	48653	48645	8	0
IS	100	53835	53829	6	0
IS	101	59697	59689	8	0
IS	102	67178	67168	10	0
IS	103	74248	74239	9	0
IS	104	80899	80894	5	0
IS	105	84535	84528	7	0
IS	106	88463	88454	9	0
IS	107	91221	91214	7	0
IS	108	95438	95428	10	0
IS	109	101054	101042	12	0
IS	110	107775	107768	7	0
IS	111	115517	115508	9	0
IS	112	124171	124162	9	0
IS	113	133832	133820	12	0
IS	114	140299	140286	13	0
IS	115	143985	143975	10	0
IS	116	146746	146733	13	0
IS	117	147202	147195	7	0
IS	118	148700	148687	13	0
IS	119	151692	151681	11	0
IS	120	155794	155785	9	0
IS	121	161638	161626	12	0
IS	122	169493	169482	11	0
IS	123	176601	176589	12	0
IS	124	182013	182006	7	0
IS	125	184897	184884	13	0
IS	126	184095	184081	14	0
IS	127	182512	182498	14	0
IS	128	179492	179484	8	0
IS	129	178758	178748	10	0
IS	130	179010	178999	11	0
IS	131	182120	182106	14	0
IS	132	186275	186264	11	0
IS	133	191775	191760	15	0
IS	134	196192	196172	20	0
IS	135	197303	197286	17	0
IS	136	196023	196009	14	0
IS	137	190856	190844	12	0
IS	138	187877	187865	12	0
IS	139	183981	183970	11	0
IS	140	181481	181473	8	0
IS	141	181557	181543	14	0
IS	142	183584	183574	10	0
IS	143	186821	186805	16	0
IS	144	188826	188810	16	0
IS	145	190388	190378	10	0
IS	146	189523	189511	12	0
IS	147	185805	185785	20	0
IS	148	180691	180678	13	0
IS	149	175523	175511	12	0
IS	150	172799	172787	12	0
IS	151	171383	171370	13	0
IS	152	171230	171220	10	0
IS	153	172468	172447	21	0
IS	154	174943	174928	15	0
IS	155	176358	176341	17	0
IS	156	175525	175509	16	0
IS	157	171806	171791	15	0
IS	158	167543	167526	17	0
IS	159	162838	162823	15	0
IS	160	157819	157808	11	0
IS	161	155549	155537	12	0
IS	162	155093	155073	20	0
IS	163	156570	156556	14	0
IS	164	158004	157989	15	0
IS	165	158153	158137	16	0
IS	166	158270	158249	21	0
IS	167	155855	155839	16	0
IS	168	151475	151459	16	0
IS	169	147704	147680	24	0
IS	170	143477	143454	23	0
IS	171	140773	140757	16	0
IS	172	140121	140102	19	0
IS	173	139655	139633	22	0
IS	174	140258	140237	21	0
IS	175	140607	140586	21	0
IS	176	140950	140932	18	0
IS	177	139958	139932	26	0
IS	178	136669	136644	25	0
IS	179	133686	133664	22	0
IS	180	128928	128912	16	0
IS	181	125816	125800	16	0
IS	182	124742	124718	24	0
IS	183	124082	124069	13	0
IS	184	124239	124218	21	0
IS	185	124944	124922	22	0
IS	186	125330	125314	16	0
IS	187	124813	124799	14	0
IS	188	122626	122613	13	0
IS	189	119914	119903	11	0
IS	190	116916	116900	16	0
IS	191	113916	113899	17	0
IS	192	111386	111371	15	0
IS	193	110188	110175	13	0
IS	194	110804	110796	8	0
IS	195	111127	111113	14	0
IS	196	111029	111013	16	0
IS	197	110807	110797	10	0
IS	198	109540	109533	7	0
IS	199	107415	107403	12	0
IS	200	105450	105440	10	0
IS	201	102082	102065	17	0
IS	202	100258	100242	16	0
IS	203	98517	98504	13	0
IS	204	98714	98700	14	0
IS	205	98554	98542	12	0
IS	206	98912	98895	17	0
IS	207	98944	98936	8	0
IS	208	98286	98272	14	0
IS	209	97019	97002	17	0
IS	210	94891	94878	13	0
IS	211	92437	92422	15	0
IS	212	90068	90056	12	0
IS	213	88773	88755	18	0
IS	214	87396	87386	10	0
IS	215	87765	87752	13	0
IS	216	88259	88243	16	0
IS	217	88025	88013	12	0
IS	218	87905	87892	13	0
IS	219	86661	86651	10	0
IS	220	85080	85069	11	0
IS	221	82732	82720	12	0
IS	222	81116	81106	10	0
IS	223	79626	79617	9	0
IS	224	78489	78480	9	0
IS	225	78308	78299	9	0
IS	226	78045	78035	10	0
IS	227	78084	78073	11	0
IS	228	77957	77943	14	0
IS	229	76776	76762	14	0
IS	230	75610	75600	10	0
IS	231	74129	74121	8	0
IS	232	72784	72775	9	0
IS	233	70878	70869	9	0
IS	234	69791	69784	7	0
IS	235	68715	68706	9	0
IS	236	69105	69096	9	0
IS	237	68921	68911	10	0
IS	238	68554	68544	10	0
IS	239	68653	68645	8	0
IS	240	67378	67368	10	0
IS	241	66363	66353	10	0
IS	242	64590	64583	7	0
IS	243	63373	63365	8	0
IS	244	61911	61900	11	0
IS	245	61995	61985	10	0
IS	246	61251	61244	7	0
IS	247	61184	61174	10	0
IS	248	60730	60724	6	0
IS	249	60215	60208	7	0
IS	250	59736	59725	11	0
IS	251	59329	59323	6	0
IS	252	57465	57455	10	0
IS	253	56651	56645	6	0
IS	254	55308	55295	13	0
IS	255	54321	54310	11	0
IS	256	54063	54055	8	0
IS	257	54013	54006	7	0
IS	258	53887	53881	6	0
IS	259	52944	52937	7	0
IS	260	52593	52586	7	0
IS	261	52130	52126	4	0
IS	262	50868	50862	6	0
IS	263	50348	50335	13	0
IS	264	49434	49424	10	0
IS	265	48386	48366	20	0
IS	266	47986	47968	18	0
IS	267	47257	47240	17	0
IS	268	47082	47069	13	0
IS	269	47112	47100	12	0
IS	270	46787	46776	11	0
IS	271	46298	46285	13	0
IS	272	45369	45360	9	0
IS	273	44618	44609	9	0
IS	274	44157	44148	9	0
IS	275	43055	43044	11	0
IS	276	42529	42518	11	0
IS	277	42034	42024	10	0
IS	278	41902	41887	15	0
IS	279	41537	41522	15	0
IS	280	41559	41550	9	0
IS	281	41271	41260	11	0
IS	282	40429	40417	12	0
IS	283	39738	39724	14	0
IS	284	39129	39119	10	0
IS	285	38302	38292	10	0
IS	286	38097	38088	9	0
IS	287	37386	37378	8	0
IS	288	36903	36894	9	0
IS	289	36953	36943	10	0
IS	290	36324	36313	11	0
IS	291	36284	36277	7	0
IS	292	35687	35680	7	0
IS	293	35607	35600	7	0
IS	294	34931	34924	7	0
IS	295	34528	34513	15	0
IS	296	34109	34103	6	0
IS	297	33064	33052	12	0
IS	298	33032	33026	6	0
IS	299	33241	33230	11	0
IS	300	32421	32411	10	0
IS	301	32276	32266	10	0
IS	302	32173	32167	6	0
IS	303	31669	31659	10	0
IS	304	31098	31091	7	0
IS	305	30527	30519	8	0
IS	306	30574	30564	10	0
IS	307	29902	29888	14	0
IS	308	29394	29387	7	0
IS	309	28875	28869	6	0
IS	310	29254	29246	8	0
IS	311	28992	28983	9	0
IS	312	28556	28547	9	0
IS	313	28214	28204	10	0
IS	314	28021	28012	9	0
IS	315	27716	27708	8	0
IS	316	27230	27225	5	0
IS	317	26578	26565	13	0
IS	318	26651	26644	7	0
IS	319	26104	26094	10	0
IS	320	25832	25822	10	0
IS	321	25826	25820	6	0
IS	322	25932	25927	5	0
IS	323	25629	25624	5	0
IS	324	25244	25241	3	0
IS	325	25051	25044	7	0
IS	326	24708	24703	5	0
IS	327	24184	24178	6	0
IS	328	23651	23645	6	0
IS	329	23715	23709	6	0
IS	330	23324	23320	4	0
IS	331	23216	23212	4	0
IS	332	23025	23024	1	0
IS	333	22947	22943	4	0
IS	334	22733	22728	5	0
IS	335	22572	22564	8	0
IS	336	22058	22053	5	0
IS	337	21921	21917	4	0
IS	338	21650	21642	8	0
IS	339	21200	21195	5	0
IS	340	21420	21411	9	0
IS	341	21095	21091	4	0
IS	342	20988	20983	5	0
IS	343	20657	20652	5	0
IS	344	20595	20590	5	0
IS	345	20144	20141	3	0
IS	346	20413	20408	5	0
IS	347	19665	19662	3	0
IS	348	19606	19600	6	0
IS	349	19168	19165	3	0
IS	350	18996	18993	3	0
IS	351	18869	18866	3	0
IS	352	19041	19037	4	0
IS	353	18773	18770	3	0
IS	354	18539	18533	6	0
IS	355	18560	18557	3	0
IS	356	18290	18284	6	0
IS	357	18240	18234	6	0
IS	358	17915	17910	5	0
IS	359	17737	17733	4	0
IS	360	17718	17713	5	0
IS	361	17262	17259	3	0
IS	362	17277	17273	4	0
IS	363	17172	17168	4	0
IS	364	17047	17041	6	0
IS	365	16963	16955	8	0
IS	366	16683	16677	6	0
IS	367	16343	16338	5	0
IS	368	16059	16052	7	0
IS	369	16016	16013	3	0
IS	370	16278	16273	5	0
IS	371	15806	15805	1	0
IS	372	15652	15648	4	0
IS	373	15656	15652	4	0
IS	374	15514	15512	2	0
IS	375	15307	15304	3	0
IS	376	15188	15185	3	0
IS	377	15071	15066	5	0
IS	378	14915	14908	7	0
IS	379	14668	14665	3	0
IS	380	14352	14345	7	0
IS	381	14251	14248	3	0
IS	382	14386	14383	3	0
IS	383	14226	14223	3	0
IS	384	14149	14145	4	0
IS	385	13824	13823	1	0
IS	386	13758	13753	5	0
IS	387	13626	13623	3	0
IS	388	13802	13797	5	0
IS	389	13569	13566	3	0
IS	390	13394	13390	4	0
IS	391	13285	13283	2	0
IS	392	13234	13232	2	0
IS	393	13008	13004	4	0
IS	394	12911	12903	8	0
IS	395	12902	12898	4	0
IS	396	12622	12619	3	0
IS	397	12594	12591	3	0
IS	398	12395	12392	3	0
IS	399	12383	12381	2	0
IS	400	12265	12264	1	0
IS	401	12206	12204	2	0
IS	402	12193	12192	1	0
IS	403	12132	12129	3	0
IS	404	11623	11619	4	0
IS	405	11896	11893	3	0
IS	406	11784	11780	4	0
IS	407	11684	11680	4	0
IS	408	11554	11552	2	0
IS	409	11354	11350	4	0
IS	410	11112	11108	4	0
IS	411	11257	11254	3	0
IS	412	11089	11083	6	0
IS	413	11217	11215	2	0
IS	414	10927	10925	2	0
IS	415	10550	10548	2	0
IS	416	10736	10732	4	0
IS	417	10700	10699	1	0
IS	418	10646	10642	4	0
IS	419	10517	10515	2	0
IS	420	10303	10294	9	0
IS	421	10284	10281	3	0
IS	422	10115	10113	2	0
IS	423	10306	10302	4	0
IS	424	10149	10142	7	0
IS	425	10272	10269	3	0
IS	426	10144	10140	4	0
IS	427	9985	9981	4	0
IS	428	9837	9831	6	0
IS	429	9977	9972	5	0
IS	430	9587	9581	6	0
IS	431	9771	9769	2	0
IS	432	9716	9712	4	0
IS	433	9483	9481	2	0
IS	434	9572	9569	3	0
IS	435	9435	9434	1	0
IS	436	9326	9322	4	0
IS	437	9101	9098	3	0
IS	438	8971	8968	3	0
IS	439	9129	9127	2	0
IS	440	9119	9115	4	0
IS	441	9077	9074	3	0
IS	442	9073	9071	2	0
IS	443	8926	8925	1	0
IS	444	8779	8776	3	0
IS	445	8850	8848	2	0
IS	446	8770	8767	3	0
IS	447	8822	8819	3	0
IS	448	8667	8665	2	0
IS	449	8647	8644	3	0
IS	450	8630	8624	6	0
IS	451	8454	8450	4	0
IS	452	8503	8499	4	0
IS	453	8355	8353	2	0
IS	454	8295	8290	5	0
IS	455	8395	8393	2	0
IS	456	8214	8210	4	0
IS	457	8086	8084	2	0
IS	458	8221	8219	2	0
IS	459	8107	8102	5	0
IS	460	8081	8078	3	0
IS	461	8043	8038	5	0
IS	462	7962	7960	2	0
IS	463	7917	7912	5	0
IS	464	7959	7954	5	0
IS	465	7909	7907	2	0
IS	466	7820	7815	5	0
IS	467	7827	7824	3	0
IS	468	7654	7648	6	0
IS	469	7746	7742	4	0
IS	470	7758	7755	3	0
IS	471	7825	7819	6	0
IS	472	7662	7661	1	0
IS	473	7506	7502	4	0
IS	474	7500	7498	2	0
IS	475	7477	7475	2	0
IS	476	7358	7355	3	0
IS	477	7377	7374	3	0
IS	478	7315	7313	2	0
IS	479	7393	7390	3	0
IS	480	7453	7449	4	0
IS	481	7321	7318	3	0
IS	482	7227	7222	5	0
IS	483	7036	7034	2	0
IS	484	7238	7235	3	0
IS	485	7202	7195	7	0
IS	486	7098	7092	6	0
IS	487	7037	7033	4	0
IS	488	7139	7137	2	0
IS	489	6969	6966	3	0
IS	490	7255	7247	8	0
IS	491	7001	6995	6	0
IS	492	6990	6984	6	0
IS	493	6872	6868	4	0
IS	494	7034	7030	4	0
IS	495	7150	7145	5	0
IS	496	6993	6986	7	0
IS	497	6794	6790	4	0
IS	498	6888	6882	6	0
IS	499	6913	6912	1	0
IS	500	6789	6786	3	0
IS	501	6903	6896	7	0
IS	502	6855	6851	4	0
IS	503	6761	6755	6	0
IS	504	6792	6781	11	0
IS	505	6873	6869	4	0
IS	506	6762	6756	6	0
IS	507	6874	6871	3	0
IS	508	6712	6709	3	0
IS	509	6659	6651	8	0
IS	510	6689	6684	5	0
IS	511	6819	6816	3	0
IS	512	6788	6785	3	0
IS	513	6788	6781	7	0
IS	514	6653	6649	4	0
IS	515	6764	6759	5	0
IS	516	6565	6561	4	0
IS	517	6641	6635	6	0
IS	518	6623	6621	2	0
IS	519	6689	6685	4	0
IS	520	6620	6614	6	0
IS	521	6590	6587	3	0
IS	522	6630	6627	3	0
IS	523	6709	6707	2	0
IS	524	6509	6506	3	0
IS	525	6626	6621	5	0
IS	526	6296	6295	1	0
IS	527	6610	6607	3	0
IS	528	6411	6403	8	0
IS	529	6537	6533	4	0
IS	530	6431	6428	3	0
IS	531	6465	6461	4	0
IS	532	6326	6323	3	0
IS	533	6525	6522	3	0
IS	534	6413	6409	4	0
IS	535	6309	6306	3	0
IS	536	6398	6395	3	0
IS	537	6221	6217	4	0
IS	538	6331	6328	3	0
IS	539	6115	6111	4	0
IS	540	6213	6210	3	0
IS	541	6226	6224	2	0
IS	542	6076	6073	3	0
IS	543	6186	6179	7	0
IS	544	6335	6332	3	0
IS	545	6265	6262	3	0
IS	546	6004	6001	3	0
IS	547	6088	6087	1	0
IS	548	6060	6056	4	0
IS	549	6054	6051	3	0
IS	550	6149	6146	3	0
IS	551	6153	6151	2	0
IS	552	6081	6079	2	0
IS	553	5917	5915	2	0
IS	554	5986	5983	3	0
IS	555	5841	5839	2	0
IS	556	5914	5910	4	0
IS	557	5908	5907	1	0
IS	558	5952	5949	3	0
IS	559	5955	5953	2	0
IS	560	5886	5884	2	0
IS	561	5809	5807	2	0
IS	562	5950	5948	2	0
IS	563	5765	5761	4	0
IS	564	5831	5830	1	0
IS	565	5779	5777	2	0
IS	566	5823	5819	4	0
IS	567	5968	5965	3	0
IS	568	5771	5768	3	0
IS	569	5779	5777	2	0
IS	570	5858	5854	4	0
IS	571	5730	5727	3	0
IS	572	5709	5706	3	0
IS	573	5739	5737	2	0
IS	574	5708	5705	3	0
IS	575	5867	5867	0	0
IS	576	5607	5602	5	0
IS	577	5542	5535	7	0
IS	578	5689	5684	5	0
IS	579	5662	5659	3	0
IS	580	5566	5564	2	0
IS	581	5430	5425	5	0
IS	582	5482	5481	1	0
IS	583	5476	5469	7	0
IS	584	5638	5637	1	0
IS	585	5629	5626	3	0
IS	586	5371	5368	3	0
IS	587	5581	5579	2	0
IS	588	5475	5473	2	0
IS	589	5506	5504	2	0
IS	590	5588	5584	4	0
IS	591	5401	5400	1	0
IS	592	5481	5478	3	0
IS	593	5542	5538	4	0
IS	594	5499	5494	5	0
IS	595	5539	5536	3	0
IS	596	5221	5219	2	0
IS	597	5525	5521	4	0
IS	598	5319	5318	1	0
IS	599	5558	5553	5	0
IS	600	5478	5475	3	0
IS	601	5568	5566	2	0
IS	602	5407	5403	4	0
IS	603	5482	5480	2	0
IS	604	5302	5300	2	0
IS	605	5343	5340	3	0
IS	606	5460	5456	4	0
IS	607	5317	5314	3	0
IS	608	5343	5340	3	0
IS	609	5341	5336	5	0
IS	610	5352	5348	4	0
IS	611	5263	5258	5	0
IS	612	5377	5374	3	0
IS	613	5333	5331	2	0
IS	614	5312	5310	2	0
IS	615	5258	5255	3	0
IS	616	5302	5298	4	0
IS	617	5350	5346	4	0
IS	618	5128	5127	1	0
IS	619	5249	5248	1	0
IS	620	5425	5419	6	0
IS	621	5361	5358	3	0
IS	622	5341	5338	3	0
IS	623	5028	5025	3	0
IS	624	5293	5290	3	0
IS	625	5318	5316	2	0
IS	626	5444	5438	6	0
IS	627	5116	5110	6	0
IS	628	5205	5203	2	0
IS	629	5151	5147	4	0
IS	630	5076	5071	5	0
IS	631	5171	5170	1	0
IS	632	5170	5168	2	0
IS	633	5225	5223	2	0
IS	634	5188	5186	2	0
IS	635	5131	5126	5	0
IS	636	5184	5183	1	0
IS	637	5123	5118	5	0
IS	638	5046	5045	1	0
IS	639	5114	5111	3	0
IS	640	5148	5144	4	0
IS	641	4997	4992	5	0
IS	642	5198	5197	1	0
IS	643	5126	5124	2	0
IS	644	4982	4980	2	0
IS	645	5041	5040	1	0
IS	646	5044	5041	3	0
IS	647	4943	4942	1	0
IS	648	5235	5232	3	0
IS	649	4933	4930	3	0
IS	650	5039	5035	4	0
IS	651	5138	5133	5	0
IS	652	5142	5139	3	0
IS	653	5041	5037	4	0
IS	654	4893	4890	3	0
IS	655	4929	4927	2	0
IS	656	5066	5064	2	0
IS	657	5105	5102	3	0
IS	658	5029	5023	6	0
IS	659	4964	4960	4	0
IS	660	4923	4918	5	0
IS	661	4939	4937	2	0
IS	662	5054	5050	4	0
IS	663	4999	4997	2	0
IS	664	4973	4971	2	0
IS	665	4947	4943	4	0
IS	666	4843	4842	1	0
IS	667	4885	4882	3	0
IS	668	4817	4813	4	0
IS	669	5025	5023	2	0
IS	670	5049	5047	2	0
IS	671	4977	4976	1	0
IS	672	4901	4898	3	0
IS	673	4905	4901	4	0
IS	674	4847	4843	4	0
IS	675	4926	4922	4	0
IS	676	4996	4992	4	0
IS	677	4873	4872	1	0
IS	678	5006	5002	4	0
IS	679	4752	4751	1	0
IS	680	4888	4886	2	0
IS	681	4860	4858	2	0
IS	682	4922	4920	2	0
IS	683	4926	4923	3	0
IS	684	4803	4801	2	0
IS	685	4839	4836	3	0
IS	686	4830	4830	0	0
IS	687	4906	4904	2	0
IS	688	4738	4736	2	0
IS	689	4872	4868	4	0
IS	690	4899	4897	2	0
IS	691	4805	4801	4	0
IS	692	4881	4880	1	0
IS	693	4832	4831	1	0
IS	694	4729	4727	2	0
IS	695	4800	4799	1	0
IS	696	4962	4959	3	0
IS	697	4855	4853	2	0
IS	698	4828	4827	1	0
IS	699	4682	4679	3	0
IS	700	4920	4919	1	0
IS	701	4829	4828	1	0
IS	702	4626	4624	2	0
IS	703	4861	4858	3	0
IS	704	4571	4570	1	0
IS	705	4582	4581	1	0
IS	706	4719	4716	3	0
IS	707	4900	4894	6	0
IS	708	4770	4764	6	0
IS	709	4539	4536	3	0
IS	710	4661	4661	0	0
IS	711	4582	4580	2	0
IS	712	4593	4590	3	0
IS	713	4634	4632	2	0
IS	714	4494	4491	3	0
IS	715	4752	4751	1	0
IS	716	4470	4468	2	0
IS	717	4729	4729	0	0
IS	718	4501	4499	2	0
IS	719	4526	4524	2	0
IS	720	4667	4665	2	0
IS	721	4592	4591	1	0
IS	722	4616	4614	2	0
IS	723	4507	4506	1	0
IS	724	4601	4598	3	0
IS	725	4676	4674	2	0
IS	726	4665	4664	1	0
IS	727	4420	4417	3	0
IS	728	4523	4515	8	0
IS	729	4442	4441	1	0
IS	730	4400	4397	3	0
IS	731	4423	4420	3	0
IS	732	4593	4592	1	0
IS	733	4517	4515	2	0
IS	734	4550	4549	1	0
IS	735	4451	4450	1	0
IS	736	4585	4580	5	0
IS	737	4369	4366	3	0
IS	738	4463	4460	3	0
IS	739	4476	4474	2	0
IS	740	4412	4410	2	0
IS	741	4362	4361	1	0
IS	742	4413	4411	2	0
IS	743	4393	4391	2	0
IS	744	4412	4411	1	0
IS	745	4331	4330	1	0
IS	746	4434	4430	4	0
IS	747	4552	4548	4	0
IS	748	4410	4410	0	0
IS	749	4213	4210	3	0
IS	750	4446	4443	3	0
IS	751	4366	4364	2	0
IS	752	4415	4413	2	0
IS	753	4266	4264	2	0
IS	754	4287	4284	3	0
IS	755	4410	4407	3	0
IS	756	4165	4160	5	0
IS	757	4228	4226	2	0
IS	758	4238	4234	4	0
IS	759	4145	4144	1	0
IS	760	4356	4356	0	0
IS	761	4314	4311	3	0
IS	762	4205	4201	4	0
IS	763	4141	4138	3	0
IS	764	4329	4327	2	0
IS	765	4240	4234	6	0
IS	766	4356	4353	3	0
IS	767	4390	4388	2	0
IS	768	4215	4213	2	0
IS	769	4290	4289	1	0
IS	770	4189	4186	3	0
IS	771	4290	4288	2	0
IS	772	4381	4377	4	0
IS	773	4174	4169	5	0
IS	774	4176	4175	1	0
IS	775	4278	4276	2	0
IS	776	4138	4134	4	0
IS	777	4091	4088	3	0
IS	778	4370	4369	1	0
IS	779	4264	4261	3	0
IS	780	4271	4270	1	0
IS	781	4296	4295	1	0
IS	782	4193	4190	3	0
IS	783	4036	4034	2	0
IS	784	4301	4299	2	0
IS	785	4259	4257	2	0
IS	786	4200	4197	3	0
IS	787	4090	4088	2	0
IS	788	4129	4128	1	0
IS	789	4260	4258	2	0
IS	790	4285	4281	4	0
IS	791	4172	4170	2	0
IS	792	4202	4201	1	0
IS	793	4392	4391	1	0
IS	794	4272	4271	1	0
IS	795	4089	4088	1	0
IS	796	4160	4157	3	0
IS	797	4153	4151	2	0
IS	798	4123	4119	4	0
IS	799	4135	4132	3	0
IS	800	4143	4140	3	0
IS	801	4224	4221	3	0
IS	802	4222	4220	2	0
IS	803	4213	4210	3	0
IS	804	4055	4053	2	0
IS	805	4164	4161	3	0
IS	806	4486	4483	3	0
IS	807	4169	4166	3	0
IS	808	4155	4153	2	0
IS	809	4348	4345	3	0
IS	810	4139	4137	2	0
IS	811	4308	4306	2	0
IS	812	4298	4294	4	0
IS	813	4130	4126	4	0
IS	814	4189	4186	3	0
IS	815	4260	4258	2	0
IS	816	4303	4300	3	0
IS	817	4215	4214	1	0
IS	818	4058	4056	2	0
IS	819	4061	4059	2	0
IS	820	4240	4238	2	0
IS	821	4274	4272	2	0
IS	822	4236	4233	3	0
IS	823	4154	4150	4	0
IS	824	4295	4295	0	0
IS	825	4141	4135	6	0
IS	826	4119	4115	4	0
IS	827	4141	4139	2	0
IS	828	4114	4112	2	0
IS	829	4116	4113	3	0
IS	830	4140	4137	3	0
IS	831	4143	4141	2	0
IS	832	4224	4220	4	0
IS	833	4270	4268	2	0
IS	834	4230	4228	2	0
IS	835	4269	4266	3	0
IS	836	4116	4111	5	0
IS	837	4055	4054	1	0
IS	838	4185	4182	3	0
IS	839	4306	4302	4	0
IS	840	4078	4074	4	0
IS	841	4184	4183	1	0
IS	842	4202	4201	1	0
IS	843	4166	4163	3	0
IS	844	4366	4365	1	0
IS	845	4115	4113	2	0
IS	846	4165	4161	4	0
IS	847	4179	4177	2	0
IS	848	4313	4310	3	0
IS	849	4293	4290	3	0
IS	850	4239	4237	2	0
IS	851	4255	4254	1	0
IS	852	4274	4271	3	0
IS	853	4175	4173	2	0
IS	854	4355	4350	5	0
IS	855	4231	4228	3	0
IS	856	4150	4150	0	0
IS	857	4155	4155	0	0
IS	858	4222	4220	2	0
IS	859	4308	4307	1	0
IS	860	4142	4141	1	0
IS	861	4171	4166	5	0
IS	862	4314	4312	2	0
IS	863	4248	4246	2	0
IS	864	4085	4082	3	0
IS	865	4241	4241	0	0
IS	866	4126	4125	1	0
IS	867	4362	4360	2	0
IS	868	4241	4235	6	0
IS	869	4308	4307	1	0
IS	870	4289	4286	3	0
IS	871	4212	4209	3	0
IS	872	4103	4101	2	0
IS	873	4140	4139	1	0
IS	874	4226	4223	3	0
IS	875	4210	4207	3	0
IS	876	4281	4276	5	0
IS	877	4325	4323	2	0
IS	878	4114	4112	2	0
IS	879	4203	4201	2	0
IS	880	4257	4256	1	0
IS	881	4301	4298	3	0
IS	882	4293	4289	4	0
IS	883	4231	4230	1	0
IS	884	4122	4119	3	0
IS	885	4031	4030	1	0
IS	886	4219	4217	2	0
IS	887	4148	4144	4	0
IS	888	4116	4113	3	0
IS	889	4169	4169	0	0
IS	890	4126	4125	1	0
IS	891	4105	4104	1	0
IS	892	4199	4199	0	0
IS	893	4201	4197	4	0
IS	894	4045	4044	1	0
IS	895	4035	4033	2	0
IS	896	4070	4067	3	0
IS	897	4146	4145	1	0
IS	898	4009	4009	0	0
IS	899	4068	4067	1	0
IS	900	4111	4108	3	0
IS	901	4078	4077	1	0
IS	902	4114	4112	2	0
IS	903	4108	4105	3	0
IS	904	4047	4045	2	0
IS	905	4140	4139	1	0
IS	906	4068	4065	3	0
IS	907	4146	4145	1	0
IS	908	4016	4014	2	0
IS	909	4029	4027	2	0
IS	910	4049	4048	1	0
IS	911	3930	3928	2	0
IS	912	3995	3994	1	0
IS	913	3997	3995	2	0
IS	914	4043	4043	0	0
IS	915	3918	3917	1	0
IS	916	3874	3873	1	0
IS	917	4114	4112	2	0
IS	918	3985	3984	1	0
IS	919	3971	3970	1	0
IS	920	3811	3810	1	0
IS	921	3920	3919	1	0
IS	922	4073	4071	2	0
IS	923	3891	3889	2	0
IS	924	3847	3846	1	0
IS	925	3882	3881	1	0
IS	926	3923	3920	3	0
IS	927	3914	3913	1	0
IS	928	3943	3941	2	0
IS	929	3977	3975	2	0
IS	930	3817	3817	0	0
IS	931	3811	3808	3	0
IS	932	3939	3934	5	0
IS	933	3977	3973	4	0
IS	934	3963	3962	1	0
IS	935	3929	3926	3	0
IS	936	3897	3895	2	0
IS	937	3793	3793	0	0
IS	938	3866	3862	4	0
IS	939	3965	3964	1	0
IS	940	3802	3801	1	0
IS	941	3837	3836	1	0
IS	942	3796	3794	2	0
IS	943	3868	3867	1	0
IS	944	3866	3863	3	0
IS	945	3812	3810	2	0
IS	946	3714	3714	0	0
IS	947	3759	3757	2	0
IS	948	3956	3954	2	0
IS	949	3868	3867	1	0
IS	950	3773	3772	1	0
IS	951	3813	3809	4	0
IS	952	3811	3809	2	0
IS	953	3788	3783	5	0
IS	954	3676	3675	1	0
IS	955	3798	3796	2	0
IS	956	3745	3744	1	0
IS	957	3728	3725	3	0
IS	958	3683	3681	2	0
IS	959	3921	3919	2	0
IS	960	3682	3681	1	0
IS	961	3883	3880	3	0
IS	962	3731	3728	3	0
IS	963	3653	3652	1	0
IS	964	3709	3707	2	0
IS	965	3756	3756	0	0
IS	966	3833	3831	2	0
IS	967	3724	3723	1	0
IS	968	3789	3786	3	0
IS	969	3680	3679	1	0
IS	970	3739	3735	4	0
IS	971	3679	3677	2	0
IS	972	3693	3690	3	0
IS	973	3558	3553	5	0
IS	974	3814	3810	4	0
IS	975	3735	3733	2	0
IS	976	3719	3716	3	0
IS	977	3833	3830	3	0
IS	978	3712	3710	2	0
IS	979	3674	3671	3	0
IS	980	3688	3687	1	0
IS	981	3725	3720	5	0
IS	982	3656	3650	6	0
IS	983	3747	3746	1	0
IS	984	3726	3724	2	0
IS	985	3635	3633	2	0
IS	986	3759	3757	2	0
IS	987	3769	3767	2	0
IS	988	3617	3614	3	0
IS	989	3750	3748	2	0
IS	990	3713	3712	1	0
IS	991	3814	3812	2	0
IS	992	3603	3602	1	0
IS	993	3661	3660	1	0
IS	994	3761	3759	2	0
IS	995	3716	3713	3	0
IS	996	3687	3685	2	0
IS	997	3566	3563	3	0
IS	998	3655	3655	0	0
IS	999	3600	3599	1	0
IS	1000	3777	3775	2	0
IS	1001	3695	3695	0	0
IS	1002	3618	3617	1	0
IS	1003	3796	3792	4	0
IS	1004	3665	3664	1	0
IS	1005	3644	3643	1	0
IS	1006	3633	3632	1	0
IS	1007	3512	3510	2	0
IS	1008	3672	3669	3	0
IS	1009	3660	3657	3	0
IS	1010	3602	3599	3	0
IS	1011	3709	3708	1	0
IS	1012	3894	3893	1	0
IS	1013	3717	3715	2	0
IS	1014	3677	3676	1	0
IS	1015	3732	3729	3	0
IS	1016	3677	3673	4	0
IS	1017	3579	3578	1	0
IS	1018	3625	3623	2	0
IS	1019	3684	3682	2	0
IS	1020	3439	3437	2	0
IS	1021	3680	3675	5	0
IS	1022	3764	3763	1	0
IS	1023	3633	3631	2	0
IS	1024	3589	3585	4	0
IS	1025	3626	3624	2	0
IS	1026	3744	3743	1	0
IS	1027	3626	3625	1	0
IS	1028	3596	3593	3	0
IS	1029	3697	3695	2	0
IS	1030	3804	3803	1	0
IS	1031	3560	3559	1	0
IS	1032	3533	3532	1	0
IS	1033	3594	3592	2	0
IS	1034	3570	3568	2	0
IS	1035	3737	3736	1	0
IS	1036	3616	3614	2	0
IS	1037	3631	3629	2	0
IS	1038	3603	3602	1	0
IS	1039	3696	3695	1	0
IS	1040	3765	3764	1	0
IS	1041	3669	3667	2	0
IS	1042	3706	3705	1	0
IS	1043	3729	3728	1	0
IS	1044	3695	3691	4	0
IS	1045	3595	3593	2	0
IS	1046	3602	3599	3	0
IS	1047	3588	3587	1	0
IS	1048	3710	3708	2	0
IS	1049	3679	3677	2	0
IS	1050	3549	3549	0	0
IS	1051	3655	3653	2	0
IS	1052	3561	3560	1	0
IS	1053	3729	3727	2	0
IS	1054	3596	3594	2	0
IS	1055	3622	3621	1	0
IS	1056	3636	3635	1	0
IS	1057	3551	3549	2	0
IS	1058	3610	3608	2	0
IS	1059	3493	3491	2	0
IS	1060	3548	3545	3	0
IS	1061	3597	3595	2	0
IS	1062	3620	3619	1	0
IS	1063	3687	3684	3	0
IS	1064	3667	3666	1	0
IS	1065	3431	3430	1	0
IS	1066	3478	3476	2	0
IS	1067	3603	3603	0	0
IS	1068	3557	3557	0	0
IS	1069	3511	3511	0	0
IS	1070	3611	3610	1	0
IS	1071	3537	3535	2	0
IS	1072	3567	3566	1	0
IS	1073	3431	3430	1	0
IS	1074	3439	3438	1	0
IS	1075	3424	3421	3	0
IS	1076	3506	3504	2	0
IS	1077	3547	3547	0	0
IS	1078	3570	3569	1	0
IS	1079	3545	3541	4	0
IS	1080	3482	3480	2	0
IS	1081	3562	3560	2	0
IS	1082	3481	3478	3	0
IS	1083	3618	3615	3	0
IS	1084	3634	3633	1	0
IS	1085	3546	3544	2	0
IS	1086	3579	3579	0	0
IS	1087	3422	3420	2	0
IS	1088	3374	3372	2	0
IS	1089	3663	3659	4	0
IS	1090	3408	3406	2	0
IS	1091	3512	3510	2	0
IS	1092	3562	3562	0	0
IS	1093	3671	3668	3	0
IS	1094	3485	3482	3	0
IS	1095	3386	3382	4	0
IS	1096	3487	3484	3	0
IS	1097	3426	3423	3	0
IS	1098	3444	3441	3	0
IS	1099	3510	3509	1	0
IS	1100	3494	3494	0	0
IS	1101	3477	3476	1	0
IS	1102	3471	3471	0	0
IS	1103	3469	3468	1	0
IS	1104	3288	3284	4	0
IS	1105	3370	3370	0	0
IS	1106	3429	3427	2	0
IS	1107	3382	3381	1	0
IS	1108	3344	3340	4	0
IS	1109	3453	3451	2	0
IS	1110	3385	3384	1	0
IS	1111	3466	3464	2	0
IS	1112	3374	3372	2	0
IS	1113	3442	3440	2	0
IS	1114	3399	3396	3	0
IS	1115	3364	3361	3	0
IS	1116	3368	3367	1	0
IS	1117	3428	3426	2	0
IS	1118	3621	3620	1	0
IS	1119	3451	3449	2	0
IS	1120	3487	3483	4	0
IS	1121	3339	3337	2	0
IS	1122	3293	3292	1	0
IS	1123	3436	3435	1	0
IS	1124	3332	3329	3	0
IS	1125	3380	3376	4	0
IS	1126	3360	3360	0	0
IS	1127	3360	3356	4	0
IS	1128	3350	3349	1	0
IS	1129	3449	3446	3	0
IS	1130	3348	3346	2	0
IS	1131	3393	3391	2	0
IS	1132	3320	3318	2	0
IS	1133	3339	3335	4	0
IS	1134	3442	3438	4	0
IS	1135	3255	3255	0	0
IS	1136	3383	3380	3	0
IS	1137	3369	3366	3	0
IS	1138	3345	3344	1	0
IS	1139	3348	3347	1	0
IS	1140	3434	3432	2	0
IS	1141	3382	3379	3	0
IS	1142	3287	3286	1	0
IS	1143	3326	3323	3	0
IS	1144	3424	3421	3	0
IS	1145	3314	3313	1	0
IS	1146	3239	3238	1	0
IS	1147	3405	3402	3	0
IS	1148	3407	3402	5	0
IS	1149	3323	3321	2	0
IS	1150	3372	3368	4	0
IS	1151	3338	3335	3	0
IS	1152	3444	3444	0	0
IS	1153	3109	3109	0	0
IS	1154	3374	3371	3	0
IS	1155	3282	3281	1	0
IS	1156	3442	3441	1	0
IS	1157	3299	3294	5	0
IS	1158	3285	3281	4	0
IS	1159	3321	3319	2	0
IS	1160	3438	3438	0	0
IS	1161	3264	3263	1	0
IS	1162	3298	3297	1	0
IS	1163	3353	3352	1	0
IS	1164	3282	3281	1	0
IS	1165	3385	3382	3	0
IS	1166	3272	3269	3	0
IS	1167	3343	3343	0	0
IS	1168	3230	3228	2	0
IS	1169	3331	3329	2	0
IS	1170	3418	3416	2	0
IS	1171	3325	3324	1	0
IS	1172	3391	3391	0	0
IS	1173	3315	3313	2	0
IS	1174	3345	3344	1	0
IS	1175	3370	3368	2	0
IS	1176	3374	3373	1	0
IS	1177	3404	3403	1	0
IS	1178	3382	3382	0	0
IS	1179	3431	3429	2	0
IS	1180	3434	3431	3	0
IS	1181	3257	3256	1	0
IS	1182	3394	3393	1	0
IS	1183	3346	3344	2	0
IS	1184	3382	3380	2	0
IS	1185	3319	3317	2	0
IS	1186	3333	3333	0	0
IS	1187	3393	3392	1	0
IS	1188	3280	3279	1	0
IS	1189	3383	3382	1	0
IS	1190	3379	3378	1	0
IS	1191	3423	3422	1	0
IS	1192	3387	3385	2	0
IS	1193	3445	3445	0	0
IS	1194	3456	3456	0	0
IS	1195	3350	3346	4	0
IS	1196	3376	3375	1	0
IS	1197	3301	3299	2	0
IS	1198	3340	3338	2	0
IS	1199	3393	3392	1	0
IS	1200	3293	3290	3	0
IS	1201	3439	3438	1	0
IS	1202	3340	3340	0	0
IS	1203	3310	3307	3	0
IS	1204	3209	3207	2	0
IS	1205	3383	3380	3	0
IS	1206	3271	3270	1	0
IS	1207	3265	3264	1	0
IS	1208	3404	3402	2	0
IS	1209	3411	3409	2	0
IS	1210	3318	3315	3	0
IS	1211	3399	3397	2	0
IS	1212	3397	3396	1	0
IS	1213	3330	3329	1	0
IS	1214	3431	3430	1	0
IS	1215	3204	3203	1	0
IS	1216	3308	3306	2	0
IS	1217	3197	3197	0	0
IS	1218	3227	3225	2	0
IS	1219	3385	3384	1	0
IS	1220	3299	3299	0	0
IS	1221	3241	3239	2	0
IS	1222	3207	3207	0	0
IS	1223	3272	3270	2	0
IS	1224	3174	3173	1	0
IS	1225	3248	3247	1	0
IS	1226	3268	3266	2	0
IS	1227	3328	3327	1	0
IS	1228	3297	3296	1	0
IS	1229	3254	3251	3	0
IS	1230	3102	3101	1	0
IS	1231	3232	3230	2	0
IS	1232	3249	3249	0	0
IS	1233	3244	3241	3	0
IS	1234	3168	3167	1	0
IS	1235	3352	3351	1	0
IS	1236	3168	3167	1	0
IS	1237	3300	3297	3	0
IS	1238	3098	3097	1	0
IS	1239	3336	3335	1	0
IS	1240	3213	3211	2	0
IS	1241	3243	3242	1	0
IS	1242	3258	3258	0	0
IS	1243	3223	3222	1	0
IS	1244	3121	3118	3	0
IS	1245	3185	3185	0	0
IS	1246	3166	3164	2	0
IS	1247	3230	3228	2	0
IS	1248	3131	3127	4	0
IS	1249	3135	3132	3	0
IS	1250	3293	3291	2	0
IS	1251	3250	3246	4	0
IS	1252	3152	3151	1	0
IS	1253	3269	3269	0	0
IS	1254	3086	3084	2	0
IS	1255	3162	3156	6	0
IS	1256	3141	3140	1	0
IS	1257	3182	3181	1	0
IS	1258	3160	3157	3	0
IS	1259	3140	3139	1	0
IS	1260	3171	3169	2	0
IS	1261	3052	3051	1	0
IS	1262	3164	3162	2	0
IS	1263	3225	3222	3	0
IS	1264	3096	3093	3	0
IS	1265	3226	3223	3	0
IS	1266	3026	3024	2	0
IS	1267	3110	3107	3	0
IS	1268	3027	3025	2	0
IS	1269	3072	3071	1	0
IS	1270	3102	3101	1	0
IS	1271	3165	3164	1	0
IS	1272	3122	3121	1	0
IS	1273	3075	3075	0	0
IS	1274	3103	3102	1	0
IS	1275	3200	3198	2	0
IS	1276	3172	3171	1	0
IS	1277	3125	3125	0	0
IS	1278	3053	3053	0	0
IS	1279	3066	3066	0	0
IS	1280	3054	3054	0	0
IS	1281	3166	3166	0	0
IS	1282	3112	3111	1	0
IS	1283	3029	3028	1	0
IS	1284	3113	3111	2	0
IS	1285	3100	3099	1	0
IS	1286	3052	3051	1	0
IS	1287	3038	3036	2	0
IS	1288	3062	3061	1	0
IS	1289	3076	3075	1	0
IS	1290	3086	3085	1	0
IS	1291	3086	3085	1	0
IS	1292	3076	3073	3	0
IS	1293	3050	3050	0	0
IS	1294	3185	3183	2	0
IS	1295	3093	3091	2	0
IS	1296	3073	3072	1	0
IS	1297	2964	2962	2	0
IS	1298	3113	3112	1	0
IS	1299	3019	3018	1	0
IS	1300	3050	3045	5	0
IS	1301	3031	3030	1	0
IS	1302	2931	2930	1	0
IS	1303	3019	3018	1	0
IS	1304	3081	3080	1	0
IS	1305	3007	3006	1	0
IS	1306	3093	3092	1	0
IS	1307	2936	2934	2	0
IS	1308	3119	3119	0	0
IS	1309	2949	2948	1	0
IS	1310	3051	3050	1	0
IS	1311	2894	2894	0	0
IS	1312	2967	2965	2	0
IS	1313	3090	3087	3	0
IS	1314	3031	3029	2	0
IS	1315	3117	3114	3	0
IS	1316	2867	2863	4	0
IS	1317	2983	2982	1	0
IS	1318	2970	2970	0	0
IS	1319	2949	2947	2	0
IS	1320	3079	3077	2	0
IS	1321	3100	3098	2	0
IS	1322	3060	3058	2	0
IS	1323	2970	2968	2	0
IS	1324	2943	2942	1	0
IS	1325	2989	2989	0	0
IS	1326	2893	2891	2	0
IS	1327	2974	2971	3	0
IS	1328	3032	3029	3	0
IS	1329	2854	2852	2	0
IS	1330	2977	2976	1	0
IS	1331	2949	2949	0	0
IS	1332	2968	2966	2	0
IS	1333	3018	3016	2	0
IS	1334	2988	2986	2	0
IS	1335	2880	2880	0	0
IS	1336	3021	3021	0	0
IS	1337	2961	2960	1	0
IS	1338	2976	2974	2	0
IS	1339	2989	2989	0	0
IS	1340	3024	3023	1	0
IS	1341	2908	2905	3	0
IS	1342	2913	2912	1	0
IS	1343	2964	2962	2	0
IS	1344	2928	2927	1	0
IS	1345	2941	2939	2	0
IS	1346	3008	3006	2	0
IS	1347	3022	3020	2	0
IS	1348	2955	2955	0	0
IS	1349	2887	2886	1	0
IS	1350	2875	2874	1	0
IS	1351	2892	2890	2	0
IS	1352	3030	3027	3	0
IS	1353	2863	2861	2	0
IS	1354	2886	2885	1	0
IS	1355	2883	2880	3	0
IS	1356	3023	3021	2	0
IS	1357	2866	2865	1	0
IS	1358	2979	2978	1	0
IS	1359	3041	3040	1	0
IS	1360	2905	2904	1	0
IS	1361	2885	2882	3	0
IS	1362	3008	3007	1	0
IS	1363	2798	2796	2	0
IS	1364	2864	2863	1	0
IS	1365	2858	2857	1	0
IS	1366	2889	2888	1	0
IS	1367	2883	2882	1	0
IS	1368	2800	2799	1	0
IS	1369	3030	3030	0	0
IS	1370	2973	2973	0	0
IS	1371	2938	2938	0	0
IS	1372	2936	2936	0	0
IS	1373	2941	2940	1	0
IS	1374	2849	2846	3	0
IS	1375	2866	2864	2	0
IS	1376	2958	2956	2	0
IS	1377	2884	2883	1	0
IS	1378	2939	2937	2	0
IS	1379	2992	2992	0	0
IS	1380	2984	2983	1	0
IS	1381	2887	2885	2	0
IS	1382	2911	2909	2	0
IS	1383	2956	2956	0	0
IS	1384	2939	2938	1	0
IS	1385	2953	2951	2	0
IS	1386	3116	3115	1	0
IS	1387	3039	3038	1	0
IS	1388	3067	3067	0	0
IS	1389	2988	2987	1	0
IS	1390	2930	2928	2	0
IS	1391	2981	2978	3	0
IS	1392	2884	2883	1	0
IS	1393	2936	2934	2	0
IS	1394	3051	3050	1	0
IS	1395	2965	2965	0	0
IS	1396	2876	2875	1	0
IS	1397	2968	2967	1	0
IS	1398	2918	2917	1	0
IS	1399	2947	2946	1	0
IS	1400	2834	2831	3	0
IS	1401	2930	2927	3	0
IS	1402	2772	2771	1	0
IS	1403	3042	3041	1	0
IS	1404	2888	2887	1	0
IS	1405	2973	2972	1	0
IS	1406	2976	2975	1	0
IS	1407	3108	3105	3	0
IS	1408	3067	3066	1	0
IS	1409	2900	2898	2	0
IS	1410	3024	3022	2	0
IS	1411	2767	2766	1	0
IS	1412	2934	2933	1	0
IS	1413	2875	2874	1	0
IS	1414	3034	3032	2	0
IS	1415	2902	2901	1	0
IS	1416	2979	2977	2	0
IS	1417	2954	2953	1	0
IS	1418	2925	2922	3	0
IS	1419	2969	2967	2	0
IS	1420	2982	2981	1	0
IS	1421	2957	2957	0	0
IS	1422	2846	2845	1	0
IS	1423	2927	2924	3	0
IS	1424	2790	2789	1	0
IS	1425	2929	2928	1	0
IS	1426	2980	2979	1	0
IS	1427	2990	2989	1	0
IS	1428	2759	2757	2	0
IS	1429	2895	2893	2	0
IS	1430	2982	2981	1	0
IS	1431	2865	2864	1	0
IS	1432	2904	2903	1	0
IS	1433	2844	2843	1	0
IS	1434	2932	2931	1	0
IS	1435	2805	2804	1	0
IS	1436	2944	2942	2	0
IS	1437	2908	2907	1	0
IS	1438	2889	2888	1	0
IS	1439	2892	2890	2	0
IS	1440	2826	2826	0	0
IS	1441	2804	2804	0	0
IS	1442	2817	2815	2	0
IS	1443	2872	2871	1	0
IS	1444	2837	2836	1	0
IS	1445	2847	2846	1	0
IS	1446	2786	2784	2	0
IS	1447	2754	2752	2	0
IS	1448	2900	2897	3	0
IS	1449	2900	2900	0	0
IS	1450	2838	2838	0	0
IS	1451	2929	2929	0	0
IS	1452	2874	2874	0	0
IS	1453	2828	2827	1	0
IS	1454	2729	2728	1	0
IS	1455	2830	2830	0	0
IS	1456	2799	2797	2	0
IS	1457	2800	2799	1	0
IS	1458	2813	2811	2	0
IS	1459	2854	2851	3	0
IS	1460	2844	2842	2	0
IS	1461	2807	2804	3	0
IS	1462	2747	2746	1	0
IS	1463	2862	2858	4	0
IS	1464	2898	2897	1	0
IS	1465	2844	2843	1	0
IS	1466	2787	2784	3	0
IS	1467	2870	2870	0	0
IS	1468	2788	2788	0	0
IS	1469	2793	2792	1	0
IS	1470	2778	2778	0	0
IS	1471	2790	2789	1	0
IS	1472	2949	2945	4	0
IS	1473	2841	2840	1	0
IS	1474	2749	2745	4	0
IS	1475	2701	2699	2	0
IS	1476	2848	2845	3	0
IS	1477	2900	2899	1	0
IS	1478	2809	2808	1	0
IS	1479	2858	2858	0	0
IS	1480	2800	2798	2	0
IS	1481	2842	2839	3	0
IS	1482	2701	2698	3	0
IS	1483	2860	2859	1	0
IS	1484	2782	2779	3	0
IS	1485	2778	2777	1	0
IS	1486	2770	2769	1	0
IS	1487	2792	2792	0	0
IS	1488	2661	2660	1	0
IS	1489	2776	2774	2	0
IS	1490	2763	2763	0	0
IS	1491	2627	2625	2	0
IS	1492	2786	2785	1	0
IS	1493	2827	2826	1	0
IS	1494	2872	2872	0	0
IS	1495	2736	2734	2	0
IS	1496	2756	2755	1	0
IS	1497	2648	2647	1	0
IS	1498	2635	2634	1	0
IS	1499	2810	2808	2	0
IS	1500	2738	2738	0	0
IS	1501	2707	2706	1	0
IS	1502	2831	2829	2	0
IS	1503	2739	2739	0	0
IS	1504	2784	2783	1	0
IS	1505	2665	2664	1	0
IS	1506	2795	2794	1	0
IS	1507	2683	2683	0	0
IS	1508	2670	2670	0	0
IS	1509	2645	2644	1	0
IS	1510	2796	2795	1	0
IS	1511	2689	2688	1	0
IS	1512	2802	2801	1	0
IS	1513	2761	2758	3	0
IS	1514	2799	2798	1	0
IS	1515	2747	2746	1	0
IS	1516	2730	2730	0	0
IS	1517	2652	2649	3	0
IS	1518	2733	2733	0	0
IS	1519	2863	2862	1	0
IS	1520	2691	2689	2	0
IS	1521	2751	2751	0	0
IS	1522	2646	2645	1	0
IS	1523	2825	2823	2	0
IS	1524	2668	2668	0	0
IS	1525	2713	2712	1	0
IS	1526	2774	2774	0	0
IS	1527	2712	2711	1	0
IS	1528	2760	2758	2	0
IS	1529	2676	2676	0	0
IS	1530	2820	2818	2	0
IS	1531	2759	2759	0	0
IS	1532	2557	2557	0	0
IS	1533	2619	2617	2	0
IS	1534	2608	2607	1	0
IS	1535	2690	2689	1	0
IS	1536	2752	2752	0	0
IS	1537	2801	2801	0	0
IS	1538	2665	2663	2	0
IS	1539	2664	2664	0	0
IS	1540	2659	2658	1	0
IS	1541	2872	2871	1	0
IS	1542	2706	2705	1	0
IS	1543	2812	2811	1	0
IS	1544	2579	2578	1	0
IS	1545	2577	2577	0	0
IS	1546	2651	2650	1	0
IS	1547	2820	2815	5	0
IS	1548	2677	2676	1	0
IS	1549	2760	2757	3	0
IS	1550	2721	2720	1	0
IS	1551	2687	2685	2	0
IS	1552	2690	2689	1	0
IS	1553	2664	2663	1	0
IS	1554	2652	2651	1	0
IS	1555	2678	2678	0	0
IS	1556	2675	2675	0	0
IS	1557	2659	2657	2	0
IS	1558	2597	2596	1	0
IS	1559	2704	2703	1	0
IS	1560	2703	2703	0	0
IS	1561	2723	2721	2	0
IS	1562	2628	2627	1	0
IS	1563	2717	2715	2	0
IS	1564	2777	2774	3	0
IS	1565	2618	2618	0	0
IS	1566	2645	2641	4	0
IS	1567	2636	2636	0	0
IS	1568	2677	2676	1	0
IS	1569	2586	2586	0	0
IS	1570	2716	2715	1	0
IS	1571	2759	2759	0	0
IS	1572	2706	2704	2	0
IS	1573	2692	2692	0	0
IS	1574	2557	2556	1	0
IS	1575	2649	2649	0	0
IS	1576	2654	2651	3	0
IS	1577	2636	2634	2	0
IS	1578	2714	2714	0	0
IS	1579	2573	2572	1	0
IS	1580	2683	2682	1	0
IS	1581	2626	2625	1	0
IS	1582	2637	2636	1	0
IS	1583	2575	2573	2	0
IS	1584	2631	2630	1	0
IS	1585	2710	2709	1	0
IS	1586	2665	2664	1	0
IS	1587	2596	2596	0	0
IS	1588	2679	2678	1	0
IS	1589	2755	2754	1	0
IS	1590	2684	2683	1	0
IS	1591	2696	2694	2	0
IS	1592	2642	2641	1	0
IS	1593	2708	2705	3	0
IS	1594	2655	2654	1	0
IS	1595	2700	2700	0	0
IS	1596	2640	2639	1	0
IS	1597	2650	2650	0	0
IS	1598	2615	2614	1	0
IS	1599	2610	2609	1	0
IS	1600	2690	2690	0	0
IS	1601	2622	2619	3	0
IS	1602	2667	2665	2	0
IS	1603	2633	2632	1	0
IS	1604	2518	2517	1	0
IS	1605	2715	2714	1	0
IS	1606	2513	2513	0	0
IS	1607	2608	2607	1	0
IS	1608	2602	2600	2	0
IS	1609	2524	2524	0	0
IS	1610	2611	2610	1	0
IS	1611	2625	2623	2	0
IS	1612	2504	2504	0	0
IS	1613	2562	2560	2	0
IS	1614	2577	2575	2	0
IS	1615	2659	2658	1	0
IS	1616	2586	2585	1	0
IS	1617	2590	2589	1	0
IS	1618	2670	2668	2	0
IS	1619	2517	2517	0	0
IS	1620	2621	2620	1	0
IS	1621	2684	2684	0	0
IS	1622	2555	2555	0	0
IS	1623	2602	2601	1	0
IS	1624	2699	2698	1	0
IS	1625	2619	2616	3	0
IS	1626	2505	2505	0	0
IS	1627	2708	2707	1	0
IS	1628	2682	2680	2	0
IS	1629	2557	2556	1	0
IS	1630	2656	2656	0	0
IS	1631	2536	2534	2	0
IS	1632	2431	2430	1	0
IS	1633	2536	2536	0	0
IS	1634	2613	2612	1	0
IS	1635	2560	2559	1	0
IS	1636	2646	2646	0	0
IS	1637	2634	2630	4	0
IS	1638	2668	2668	0	0
IS	1639	2634	2634	0	0
IS	1640	2702	2701	1	0
IS	1641	2589	2589	0	0
IS	1642	2596	2596	0	0
IS	1643	2635	2635	0	0
IS	1644	2478	2478	0	0
IS	1645	2595	2595	0	0
IS	1646	2631	2631	0	0
IS	1647	2556	2554	2	0
IS	1648	2721	2720	1	0
IS	1649	2649	2649	0	0
IS	1650	2658	2657	1	0
IS	1651	2587	2587	0	0
IS	1652	2644	2643	1	0
IS	1653	2605	2604	1	0
IS	1654	2482	2480	2	0
IS	1655	2549	2548	1	0
IS	1656	2553	2552	1	0
IS	1657	2624	2623	1	0
IS	1658	2617	2616	1	0
IS	1659	2654	2654	0	0
IS	1660	2510	2510	0	0
IS	1661	2586	2586	0	0
IS	1662	2504	2503	1	0
IS	1663	2558	2558	0	0
IS	1664	2533	2532	1	0
IS	1665	2622	2621	1	0
IS	1666	2557	2557	0	0
IS	1667	2514	2512	2	0
IS	1668	2473	2473	0	0
IS	1669	2691	2690	1	0
IS	1670	2384	2384	0	0
IS	1671	2510	2509	1	0
IS	1672	2457	2456	1	0
IS	1673	2567	2565	2	0
IS	1674	2551	2550	1	0
IS	1675	2511	2510	1	0
IS	1676	2612	2612	0	0
IS	1677	2499	2499	0	0
IS	1678	2511	2510	1	0
IS	1679	2551	2548	3	0
IS	1680	2613	2609	4	0
IS	1681	2483	2482	1	0
IS	1682	2460	2459	1	0
IS	1683	2586	2585	1	0
IS	1684	2527	2527	0	0
IS	1685	2465	2465	0	0
IS	1686	2456	2455	1	0
IS	1687	2564	2564	0	0
IS	1688	2479	2478	1	0
IS	1689	2551	2550	1	0
IS	1690	2442	2440	2	0
IS	1691	2521	2519	2	0
IS	1692	2443	2442	1	0
IS	1693	2480	2479	1	0
IS	1694	2441	2440	1	0
IS	1695	2489	2487	2	0
IS	1696	2524	2523	1	0
IS	1697	2450	2449	1	0
IS	1698	2494	2492	2	0
IS	1699	2426	2424	2	0
IS	1700	2411	2409	2	0
IS	1701	2450	2449	1	0
IS	1702	2503	2500	3	0
IS	1703	2348	2347	1	0
IS	1704	2461	2461	0	0
IS	1705	2445	2445	0	0
IS	1706	2435	2435	0	0
IS	1707	2430	2430	0	0
IS	1708	2486	2484	2	0
IS	1709	2371	2370	1	0
IS	1710	2400	2399	1	0
IS	1711	2518	2517	1	0
IS	1712	2333	2332	1	0
IS	1713	2548	2546	2	0
IS	1714	2414	2414	0	0
IS	1715	2427	2425	2	0
IS	1716	2480	2479	1	0
IS	1717	2350	2349	1	0
IS	1718	2378	2378	0	0
IS	1719	2468	2467	1	0
IS	1720	2470	2470	0	0
IS	1721	2521	2521	0	0
IS	1722	2519	2519	0	0
IS	1723	2380	2379	1	0
IS	1724	2422	2420	2	0
IS	1725	2291	2290	1	0
IS	1726	2369	2368	1	0
IS	1727	2385	2385	0	0
IS	1728	2444	2443	1	0
IS	1729	2319	2319	0	0
IS	1730	2335	2333	2	0
IS	1731	2306	2303	3	0
IS	1732	2488	2488	0	0
IS	1733	2427	2426	1	0
IS	1734	2400	2400	0	0
IS	1735	2369	2367	2	0
IS	1736	2223	2222	1	0
IS	1737	2310	2309	1	0
IS	1738	2385	2384	1	0
IS	1739	2339	2339	0	0
IS	1740	2266	2264	2	0
IS	1741	2410	2410	0	0
IS	1742	2403	2402	1	0
IS	1743	2361	2361	0	0
IS	1744	2425	2425	0	0
IS	1745	2317	2316	1	0
IS	1746	2373	2373	0	0
IS	1747	2323	2322	1	0
IS	1748	2324	2324	0	0
IS	1749	2272	2271	1	0
IS	1750	2298	2298	0	0
IS	1751	2251	2251	0	0
IS	1752	2291	2289	2	0
IS	1753	2361	2359	2	0
IS	1754	2189	2188	1	0
IS	1755	2374	2372	2	0
IS	1756	2281	2280	1	0
IS	1757	2316	2315	1	0
IS	1758	2391	2391	0	0
IS	1759	2274	2273	1	0
IS	1760	2258	2258	0	0
IS	1761	2302	2301	1	0
IS	1762	2300	2300	0	0
IS	1763	2236	2235	1	0
IS	1764	2347	2347	0	0
IS	1765	2238	2236	2	0
IS	1766	2263	2263	0	0
IS	1767	2399	2398	1	0
IS	1768	2380	2379	1	0
IS	1769	2220	2220	0	0
IS	1770	2336	2336	0	0
IS	1771	2346	2346	0	0
IS	1772	2309	2305	4	0
IS	1773	2355	2353	2	0
IS	1774	2302	2302	0	0
IS	1775	2338	2336	2	0
IS	1776	2396	2395	1	0
IS	1777	2374	2372	2	0
IS	1778	2339	2338	1	0
IS	1779	2367	2367	0	0
IS	1780	2353	2352	1	0
IS	1781	2241	2240	1	0
IS	1782	2323	2323	0	0
IS	1783	2320	2318	2	0
IS	1784	2326	2326	0	0
IS	1785	2264	2264	0	0
IS	1786	2300	2300	0	0
IS	1787	2391	2388	3	0
IS	1788	2387	2387	0	0
IS	1789	2333	2333	0	0
IS	1790	2294	2293	1	0
IS	1791	2239	2238	1	0
IS	1792	2268	2266	2	0
IS	1793	2367	2366	1	0
IS	1794	2262	2262	0	0
IS	1795	2283	2282	1	0
IS	1796	2355	2354	1	0
IS	1797	2308	2308	0	0
IS	1798	2302	2300	2	0
IS	1799	2310	2308	2	0
IS	1800	2379	2378	1	0
IS	1801	2318	2316	2	0
IS	1802	2366	2366	0	0
IS	1803	2278	2278	0	0
IS	1804	2278	2276	2	0
IS	1805	2421	2421	0	0
IS	1806	2348	2348	0	0
IS	1807	2389	2388	1	0
IS	1808	2375	2375	0	0
IS	1809	2301	2298	3	0
IS	1810	2421	2419	2	0
IS	1811	2374	2374	0	0
IS	1812	2394	2394	0	0
IS	1813	2298	2298	0	0
IS	1814	2293	2292	1	0
IS	1815	2409	2409	0	0
IS	1816	2370	2368	2	0
IS	1817	2394	2392	2	0
IS	1818	2351	2349	2	0
IS	1819	2263	2263	0	0
IS	1820	2294	2294	0	0
IS	1821	2407	2405	2	0
IS	1822	2478	2478	0	0
IS	1823	2292	2292	0	0
IS	1824	2423	2422	1	0
IS	1825	2268	2266	2	0
IS	1826	2337	2336	1	0
IS	1827	2263	2263	0	0
IS	1828	2353	2350	3	0
IS	1829	2303	2302	1	0
IS	1830	2348	2347	1	0
IS	1831	2286	2286	0	0
IS	1832	2280	2279	1	0
IS	1833	2226	2226	0	0
IS	1834	2401	2398	3	0
IS	1835	2243	2243	0	0
IS	1836	2232	2232	0	0
IS	1837	2225	2221	4	0
IS	1838	2320	2320	0	0
IS	1839	2216	2214	2	0
IS	1840	2303	2303	0	0
IS	1841	2253	2251	2	0
IS	1842	2261	2260	1	0
IS	1843	2246	2246	0	0
IS	1844	2227	2225	2	0
IS	1845	2280	2279	1	0
IS	1846	2226	2225	1	0
IS	1847	2330	2330	0	0
IS	1848	2244	2244	0	0
IS	1849	2312	2312	0	0
IS	1850	2232	2231	1	0
IS	1851	2283	2282	1	0
IS	1852	2202	2200	2	0
IS	1853	2187	2187	0	0
IS	1854	2234	2232	2	0
IS	1855	2187	2187	0	0
IS	1856	2131	2129	2	0
IS	1857	2202	2201	1	0
IS	1858	2289	2288	1	0
IS	1859	2212	2212	0	0
IS	1860	2228	2227	1	0
IS	1861	2066	2065	1	0
IS	1862	2290	2287	3	0
IS	1863	2300	2299	1	0
IS	1864	2232	2230	2	0
IS	1865	2212	2211	1	0
IS	1866	2162	2162	0	0
IS	1867	2209	2209	0	0
IS	1868	2244	2244	0	0
IS	1869	2156	2154	2	0
IS	1870	2113	2112	1	0
IS	1871	2206	2205	1	0
IS	1872	2171	2171	0	0
IS	1873	2214	2213	1	0
IS	1874	2170	2170	0	0
IS	1875	2047	2046	1	0
IS	1876	2235	2234	1	0
IS	1877	2241	2240	1	0
IS	1878	2207	2206	1	0
IS	1879	2101	2101	0	0
IS	1880	2196	2195	1	0
IS	1881	2229	2228	1	0
IS	1882	2243	2243	0	0
IS	1883	2200	2198	2	0
IS	1884	2139	2139	0	0
IS	1885	2126	2124	2	0
IS	1886	2201	2200	1	0
IS	1887	2146	2145	1	0
IS	1888	2120	2120	0	0
IS	1889	2121	2120	1	0
IS	1890	2250	2250	0	0
IS	1891	2138	2136	2	0
IS	1892	2199	2198	1	0
IS	1893	2133	2133	0	0
IS	1894	2168	2167	1	0
IS	1895	2044	2044	0	0
IS	1896	2084	2083	1	0
IS	1897	2165	2163	2	0
IS	1898	2140	2140	0	0
IS	1899	2177	2176	1	0
IS	1900	2128	2126	2	0
IS	1901	2159	2158	1	0
IS	1902	2251	2251	0	0
IS	1903	2267	2267	0	0
IS	1904	2041	2041	0	0
IS	1905	2170	2169	1	0
IS	1906	2159	2158	1	0
IS	1907	2183	2183	0	0
IS	1908	2165	2165	0	0
IS	1909	2159	2158	1	0
IS	1910	2136	2136	0	0
IS	1911	2131	2130	1	0
IS	1912	2156	2156	0	0
IS	1913	2155	2155	0	0
IS	1914	2132	2131	1	0
IS	1915	2108	2106	2	0
IS	1916	2116	2116	0	0
IS	1917	2160	2159	1	0
IS	1918	2159	2158	1	0
IS	1919	2111	2110	1	0
IS	1920	2115	2113	2	0
IS	1921	2164	2163	1	0
IS	1922	2051	2051	0	0
IS	1923	2180	2178	2	0
IS	1924	2169	2168	1	0
IS	1925	2128	2128	0	0
IS	1926	2077	2076	1	0
IS	1927	2115	2115	0	0
IS	1928	2078	2078	0	0
IS	1929	2038	2038	0	0
IS	1930	2128	2128	0	0
IS	1931	2003	2003	0	0
IS	1932	1976	1976	0	0
IS	1933	2049	2049	0	0
IS	1934	2131	2129	2	0
IS	1935	2112	2111	1	0
IS	1936	2119	2118	1	0
IS	1937	2028	2024	4	0
IS	1938	2062	2062	0	0
IS	1939	2095	2093	2	0
IS	1940	2001	1998	3	0
IS	1941	2122	2120	2	0
IS	1942	2018	2017	1	0
IS	1943	1997	1996	1	0
IS	1944	2092	2091	1	0
IS	1945	2032	2032	0	0
IS	1946	1950	1950	0	0
IS	1947	2059	2058	1	0
IS	1948	2060	2059	1	0
IS	1949	2047	2046	1	0
IS	1950	2037	2037	0	0
IS	1951	1999	1996	3	0
IS	1952	2068	2067	1	0
IS	1953	2044	2042	2	0
IS	1954	1927	1927	0	0
IS	1955	2023	2020	3	0
IS	1956	1966	1965	1	0
IS	1957	2037	2035	2	0
IS	1958	2064	2061	3	0
IS	1959	2060	2059	1	0
IS	1960	1973	1972	1	0
IS	1961	2010	2008	2	0
IS	1962	2049	2047	2	0
IS	1963	2036	2033	3	0
IS	1964	1997	1994	3	0
IS	1965	1956	1954	2	0
IS	1966	2006	2004	2	0
IS	1967	1926	1926	0	0
IS	1968	2043	2043	0	0
IS	1969	1969	1969	0	0
IS	1970	1959	1959	0	0
IS	1971	1955	1953	2	0
IS	1972	1944	1944	0	0
IS	1973	1950	1949	1	0
IS	1974	1953	1953	0	0
IS	1975	1879	1878	1	0
IS	1976	1969	1967	2	0
IS	1977	1874	1874	0	0
IS	1978	1984	1982	2	0
IS	1979	1980	1978	2	0
IS	1980	2053	2051	2	0
IS	1981	2028	2028	0	0
IS	1982	1969	1969	0	0
IS	1983	2017	2017	0	0
IS	1984	2019	2018	1	0
IS	1985	1907	1907	0	0
IS	1986	1931	1931	0	0
IS	1987	2031	2029	2	0
IS	1988	1961	1961	0	0
IS	1989	1984	1983	1	0
IS	1990	2035	2032	3	0
IS	1991	1999	1998	1	0
IS	1992	1869	1869	0	0
IS	1993	1916	1916	0	0
IS	1994	1933	1931	2	0
IS	1995	1952	1952	0	0
IS	1996	1910	1909	1	0
IS	1997	1963	1963	0	0
IS	1998	2020	2019	1	0
IS	1999	2048	2048	0	0
IS	2000	2036	2034	2	0
IS	2001	2029	2029	0	0
IS	2002	1948	1948	0	0
IS	2003	1941	1941	0	0
IS	2004	2029	2028	1	0
IS	2005	1924	1923	1	0
IS	2006	2036	2036	0	0
IS	2007	1925	1925	0	0
IS	2008	1999	1998	1	0
IS	2009	2072	2072	0	0
IS	2010	1992	1992	0	0
IS	2011	1972	1971	1	0
IS	2012	2052	2051	1	0
IS	2013	1908	1907	1	0
IS	2014	2041	2041	0	0
IS	2015	1984	1984	0	0
IS	2016	2064	2064	0	0
IS	2017	1931	1931	0	0
IS	2018	2095	2095	0	0
IS	2019	2062	2062	0	0
IS	2020	2124	2123	1	0
IS	2021	2048	2047	1	0
IS	2022	2016	2014	2	0
IS	2023	2085	2084	1	0
IS	2024	1980	1979	1	0
IS	2025	2079	2079	0	0
IS	2026	1994	1993	1	0
IS	2027	2028	2027	1	0
IS	2028	2127	2126	1	0
IS	2029	1969	1969	0	0
IS	2030	1991	1991	0	0
IS	2031	1953	1951	2	0
IS	2032	1970	1969	1	0
IS	2033	2003	2003	0	0
IS	2034	1916	1916	0	0
IS	2035	2099	2099	0	0
IS	2036	1990	1989	1	0
IS	2037	2077	2076	1	0
IS	2038	1998	1997	1	0
IS	2039	2065	2065	0	0
IS	2040	2032	2031	1	0
IS	2041	2065	2065	0	0
IS	2042	1965	1965	0	0
IS	2043	2005	2005	0	0
IS	2044	2028	2027	1	0
IS	2045	1993	1992	1	0
IS	2046	1965	1965	0	0
IS	2047	1953	1950	3	0
IS	2048	2025	2024	1	0
IS	2049	2021	2020	1	0
IS	2050	2055	2054	1	0
IS	2051	1978	1978	0	0
IS	2052	1965	1964	1	0
IS	2053	2091	2090	1	0
IS	2054	1980	1979	1	0
IS	2055	2008	2008	0	0
IS	2056	1961	1961	0	0
IS	2057	2020	2019	1	0
IS	2058	1869	1868	1	0
IS	2059	2012	2011	1	0
IS	2060	2049	2048	1	0
IS	2061	2068	2068	0	0
IS	2062	2024	2024	0	0
IS	2063	2067	2066	1	0
IS	2064	1989	1989	0	0
IS	2065	2075	2073	2	0
IS	2066	1975	1975	0	0
IS	2067	1929	1928	1	0
IS	2068	1968	1967	1	0
IS	2069	1978	1976	2	0
IS	2070	1832	1831	1	0
IS	2071	2017	2016	1	0
IS	2072	2024	2024	0	0
IS	2073	2075	2074	1	0
IS	2074	1997	1993	4	0
IS	2075	1945	1944	1	0
IS	2076	2024	2024	0	0
IS	2077	1976	1975	1	0
IS	2078	2026	2026	0	0
IS	2079	1995	1994	1	0
IS	2080	2083	2082	1	0
IS	2081	2075	2075	0	0
IS	2082	2000	2000	0	0
IS	2083	2102	2101	1	0
IS	2084	2061	2058	3	0
IS	2085	1907	1906	1	0
IS	2086	2018	2016	2	0
IS	2087	1909	1909	0	0
IS	2088	1941	1941	0	0
IS	2089	1914	1913	1	0
IS	2090	2068	2067	1	0
IS	2091	1985	1985	0	0
IS	2092	1977	1976	1	0
IS	2093	1993	1992	1	0
IS	2094	2045	2044	1	0
IS	2095	1976	1975	1	0
IS	2096	2011	2011	0	0
IS	2097	2008	2008	0	0
IS	2098	2030	2029	1	0
IS	2099	1962	1962	0	0
IS	2100	2052	2051	1	0
IS	2101	1935	1934	1	0
IS	2102	1907	1907	0	0
IS	2103	1997	1995	2	0
IS	2104	1978	1977	1	0
IS	2105	1984	1983	1	0
IS	2106	2052	2051	1	0
IS	2107	1998	1998	0	0
IS	2108	1966	1964	2	0
IS	2109	1953	1952	1	0
IS	2110	2012	2012	0	0
IS	2111	2010	2010	0	0
IS	2112	2016	2016	0	0
IS	2113	2053	2053	0	0
IS	2114	2046	2046	0	0
IS	2115	2047	2047	0	0
IS	2116	1998	1998	0	0
IS	2117	2077	2076	1	0
IS	2118	2053	2052	1	0
IS	2119	1984	1984	0	0
IS	2120	1934	1934	0	0
IS	2121	2006	2006	0	0
IS	2122	2049	2049	0	0
IS	2123	1977	1976	1	0
IS	2124	2077	2077	0	0
IS	2125	2097	2097	0	0
IS	2126	2046	2046	0	0
IS	2127	2118	2118	0	0
IS	2128	2066	2065	1	0
IS	2129	1962	1962	0	0
IS	2130	1992	1991	1	0
IS	2131	2040	2040	0	0
IS	2132	2023	2023	0	0
IS	2133	1925	1924	1	0
IS	2134	1929	1929	0	0
IS	2135	2015	2013	2	0
IS	2136	2095	2095	0	0
IS	2137	1981	1980	1	0
IS	2138	2019	2017	2	0
IS	2139	1951	1951	0	0
IS	2140	1955	1955	0	0
IS	2141	1962	1962	0	0
IS	2142	1997	1997	0	0
IS	2143	1965	1963	2	0
IS	2144	2008	2007	1	0
IS	2145	1962	1962	0	0
IS	2146	2004	2003	1	0
IS	2147	1838	1837	1	0
IS	2148	2068	2067	1	0
IS	2149	1990	1988	2	0
IS	2150	1997	1997	0	0
IS	2151	2012	2012	0	0
IS	2152	2064	2063	1	0
IS	2153	1940	1940	0	0
IS	2154	1982	1982	0	0
IS	2155	2049	2047	2	0
IS	2156	2041	2041	0	0
IS	2157	1988	1987	1	0
IS	2158	1926	1924	2	0
IS	2159	2011	2011	0	0
IS	2160	2011	2009	2	0
IS	2161	1893	1892	1	0
IS	2162	1919	1917	2	0
IS	2163	1905	1903	2	0
IS	2164	2009	2009	0	0
IS	2165	1974	1974	0	0
IS	2166	2045	2043	2	0
IS	2167	1938	1937	1	0
IS	2168	1894	1892	2	0
IS	2169	1936	1935	1	0
IS	2170	1984	1984	0	0
IS	2171	1947	1947	0	0
IS	2172	1785	1783	2	0
IS	2173	1936	1936	0	0
IS	2174	1972	1971	1	0
IS	2175	1932	1931	1	0
IS	2176	1844	1844	0	0
IS	2177	1961	1960	1	0
IS	2178	1984	1983	1	0
IS	2179	1946	1945	1	0
IS	2180	1933	1932	1	0
IS	2181	1986	1984	2	0
IS	2182	1984	1984	0	0
IS	2183	1884	1883	1	0
IS	2184	1931	1930	1	0
IS	2185	1967	1967	0	0
IS	2186	1933	1933	0	0
IS	2187	1871	1871	0	0
IS	2188	1905	1904	1	0
IS	2189	1968	1967	1	0
IS	2190	1921	1921	0	0
IS	2191	1945	1945	0	0
IS	2192	2009	2007	2	0
IS	2193	1957	1955	2	0
IS	2194	1975	1974	1	0
IS	2195	1986	1985	1	0
IS	2196	1965	1965	0	0
IS	2197	2037	2035	2	0
IS	2198	1999	1998	1	0
IS	2199	1966	1966	0	0
IS	2200	1940	1939	1	0
IS	2201	2019	2017	2	0
IS	2202	1944	1943	1	0
IS	2203	1943	1943	0	0
IS	2204	2012	2011	1	0
IS	2205	1876	1876	0	0
IS	2206	1957	1956	1	0
IS	2207	1795	1793	2	0
IS	2208	1947	1946	1	0
IS	2209	1944	1943	1	0
IS	2210	1906	1905	1	0
IS	2211	1911	1911	0	0
IS	2212	1957	1956	1	0
IS	2213	1939	1938	1	0
IS	2214	1901	1899	2	0
IS	2215	1955	1954	1	0
IS	2216	1833	1833	0	0
IS	2217	1910	1910	0	0
IS	2218	1998	1997	1	0
IS	2219	1945	1944	1	0
IS	2220	1889	1888	1	0
IS	2221	1917	1917	0	0
IS	2222	1968	1968	0	0
IS	2223	1923	1922	1	0
IS	2224	1924	1924	0	0
IS	2225	2021	2021	0	0
IS	2226	1866	1866	0	0
IS	2227	1943	1940	3	0
IS	2228	1901	1901	0	0
IS	2229	1923	1922	1	0
IS	2230	2037	2036	1	0
IS	2231	1938	1938	0	0
IS	2232	1781	1781	0	0
IS	2233	1906	1906	0	0
IS	2234	1889	1888	1	0
IS	2235	1890	1890	0	0
IS	2236	1914	1914	0	0
IS	2237	1900	1898	2	0
IS	2238	1915	1914	1	0
IS	2239	1871	1870	1	0
IS	2240	1950	1949	1	0
IS	2241	1873	1872	1	0
IS	2242	1963	1963	0	0
IS	2243	2015	2014	1	0
IS	2244	1908	1908	0	0
IS	2245	1873	1873	0	0
IS	2246	1845	1845	0	0
IS	2247	1824	1824	0	0
IS	2248	1929	1929	0	0
IS	2249	1888	1887	1	0
IS	2250	1885	1884	1	0
IS	2251	1873	1872	1	0
IS	2252	1844	1844	0	0
IS	2253	1880	1880	0	0
IS	2254	1855	1854	1	0
IS	2255	1880	1879	1	0
IS	2256	1858	1856	2	0
IS	2257	1870	1870	0	0
IS	2258	1907	1906	1	0
IS	2259	1877	1876	1	0
IS	2260	1826	1825	1	0
IS	2261	1791	1791	0	0
IS	2262	1871	1870	1	0
IS	2263	1902	1902	0	0
IS	2264	1897	1897	0	0
IS	2265	1872	1871	1	0
IS	2266	1933	1933	0	0
IS	2267	1912	1912	0	0
IS	2268	1843	1843	0	0
IS	2269	1849	1847	2	0
IS	2270	1899	1898	1	0
IS	2271	1897	1896	1	0
IS	2272	1878	1878	0	0
IS	2273	1876	1876	0	0
IS	2274	1811	1811	0	0
IS	2275	1871	1870	1	0
IS	2276	1877	1876	1	0
IS	2277	1941	1941	0	0
IS	2278	1821	1820	1	0
IS	2279	1960	1960	0	0
IS	2280	1833	1832	1	0
IS	2281	1836	1835	1	0
IS	2282	1761	1761	0	0
IS	2283	1922	1922	0	0
IS	2284	1820	1819	1	0
IS	2285	1903	1902	1	0
IS	2286	1840	1840	0	0
IS	2287	1846	1846	0	0
IS	2288	1794	1794	0	0
IS	2289	1859	1859	0	0
IS	2290	1762	1761	1	0
IS	2291	1814	1813	1	0
IS	2292	1833	1832	1	0
IS	2293	1853	1853	0	0
IS	2294	1895	1892	3	0
IS	2295	1869	1868	1	0
IS	2296	1925	1925	0	0
IS	2297	1783	1783	0	0
IS	2298	1850	1849	1	0
IS	2299	1849	1849	0	0
IS	2300	1875	1875	0	0
IS	2301	1852	1852	0	0
IS	2302	1794	1792	2	0
IS	2303	1825	1823	2	0
IS	2304	1757	1756	1	0
IS	2305	1768	1767	1	0
IS	2306	1914	1914	0	0
IS	2307	1817	1817	0	0
IS	2308	1791	1791	0	0
IS	2309	1815	1813	2	0
IS	2310	1724	1722	2	0
IS	2311	1737	1736	1	0
IS	2312	1764	1762	2	0
IS	2313	1778	1777	1	0
IS	2314	1773	1773	0	0
IS	2315	1813	1811	2	0
IS	2316	1726	1726	0	0
IS	2317	1825	1823	2	0
IS	2318	1843	1843	0	0
IS	2319	1770	1769	1	0
IS	2320	1841	1841	0	0
IS	2321	1764	1761	3	0
IS	2322	1787	1787	0	0
IS	2323	1808	1808	0	0
IS	2324	1698	1698	0	0
IS	2325	1844	1844	0	0
IS	2326	1855	1855	0	0
IS	2327	1833	1832	1	0
IS	2328	1789	1789	0	0
IS	2329	1791	1790	1	0
IS	2330	1799	1799	0	0
IS	2331	1762	1761	1	0
IS	2332	1747	1746	1	0
IS	2333	1785	1784	1	0
IS	2334	1767	1767	0	0
IS	2335	1765	1763	2	0
IS	2336	1777	1777	0	0
IS	2337	1773	1773	0	0
IS	2338	1669	1669	0	0
IS	2339	1885	1885	0	0
IS	2340	1823	1823	0	0
IS	2341	1741	1740	1	0
IS	2342	1804	1804	0	0
IS	2343	1922	1922	0	0
IS	2344	1822	1820	2	0
IS	2345	1810	1810	0	0
IS	2346	1836	1835	1	0
IS	2347	1910	1910	0	0
IS	2348	1830	1829	1	0
IS	2349	1886	1884	2	0
IS	2350	1771	1771	0	0
IS	2351	1776	1776	0	0
IS	2352	1782	1782	0	0
IS	2353	1791	1791	0	0
IS	2354	1808	1808	0	0
IS	2355	1841	1840	1	0
IS	2356	1749	1749	0	0
IS	2357	1810	1809	1	0
IS	2358	1780	1779	1	0
IS	2359	1808	1808	0	0
IS	2360	1685	1685	0	0
IS	2361	1873	1873	0	0
IS	2362	1866	1866	0	0
IS	2363	1680	1680	0	0
IS	2364	1812	1811	1	0
IS	2365	1953	1953	0	0
IS	2366	1673	1671	2	0
IS	2367	1804	1803	1	0
IS	2368	1887	1887	0	0
IS	2369	1713	1712	1	0
IS	2370	1726	1726	0	0
IS	2371	1709	1708	1	0
IS	2372	1705	1705	0	0
IS	2373	1709	1709	0	0
IS	2374	1774	1774	0	0
IS	2375	1841	1841	0	0
IS	2376	1690	1689	1	0
IS	2377	1780	1780	0	0
IS	2378	1749	1749	0	0
IS	2379	1755	1755	0	0
IS	2380	1734	1734	0	0
IS	2381	1695	1695	0	0
IS	2382	1808	1807	1	0
IS	2383	1712	1712	0	0
IS	2384	1775	1775	0	0
IS	2385	1812	1810	2	0
IS	2386	1721	1721	0	0
IS	2387	1767	1766	1	0
IS	2388	1648	1648	0	0
IS	2389	1717	1717	0	0
IS	2390	1772	1772	0	0
IS	2391	1689	1689	0	0
IS	2392	1648	1648	0	0
IS	2393	1671	1669	2	0
IS	2394	1625	1622	3	0
IS	2395	1692	1691	1	0
IS	2396	1737	1737	0	0
IS	2397	1754	1753	1	0
IS	2398	1769	1769	0	0
IS	2399	1716	1715	1	0
IS	2400	1688	1688	0	0
IS	2401	1747	1746	1	0
IS	2402	1714	1713	1	0
IS	2403	1686	1685	1	0
IS	2404	1798	1798	0	0
IS	2405	1746	1746	0	0
IS	2406	1587	1587	0	0
IS	2407	1741	1741	0	0
IS	2408	1675	1674	1	0
IS	2409	1819	1819	0	0
IS	2410	1771	1769	2	0
IS	2411	1764	1763	1	0
IS	2412	1635	1635	0	0
IS	2413	1812	1812	0	0
IS	2414	1734	1734	0	0
IS	2415	1718	1717	1	0
IS	2416	1832	1832	0	0
IS	2417	1753	1751	2	0
IS	2418	1794	1793	1	0
IS	2419	1859	1856	3	0
IS	2420	1689	1686	3	0
IS	2421	1732	1730	2	0
IS	2422	1733	1731	2	0
IS	2423	1737	1731	6	0
IS	2424	1751	1749	2	0
IS	2425	1703	1702	1	0
IS	2426	1615	1614	1	0
IS	2427	1688	1688	0	0
IS	2428	1662	1660	2	0
IS	2429	1755	1754	1	0
IS	2430	1665	1662	3	0
IS	2431	1649	1649	0	0
IS	2432	1606	1605	1	0
IS	2433	1604	1604	0	0
IS	2434	1791	1791	0	0
IS	2435	1742	1742	0	0
IS	2436	1764	1763	1	0
IS	2437	1734	1733	1	0
IS	2438	1686	1685	1	0
IS	2439	1767	1766	1	0
IS	2440	1737	1736	1	0
IS	2441	1686	1685	1	0
IS	2442	1751	1751	0	0
IS	2443	1727	1727	0	0
IS	2444	1712	1712	0	0
IS	2445	1684	1684	0	0
IS	2446	1719	1718	1	0
IS	2447	1764	1763	1	0
IS	2448	1695	1694	1	0
IS	2449	1707	1705	2	0
IS	2450	1749	1747	2	0
IS	2451	1685	1685	0	0
IS	2452	1596	1596	0	0
IS	2453	1740	1739	1	0
IS	2454	1738	1738	0	0
IS	2455	1672	1672	0	0
IS	2456	1728	1727	1	0
IS	2457	1722	1721	1	0
IS	2458	1693	1692	1	0
IS	2459	1751	1751	0	0
IS	2460	1758	1757	1	0
IS	2461	1619	1619	0	0
IS	2462	1664	1662	2	0
IS	2463	1655	1655	0	0
IS	2464	1648	1647	1	0
IS	2465	1684	1684	0	0
IS	2466	1695	1694	1	0
IS	2467	1813	1811	2	0
IS	2468	1729	1729	0	0
IS	2469	1780	1779	1	0
IS	2470	1750	1750	0	0
IS	2471	1698	1698	0	0
IS	2472	1665	1665	0	0
IS	2473	1681	1681	0	0
IS	2474	1724	1722	2	0
IS	2475	1801	1800	1	0
IS	2476	1740	1739	1	0
IS	2477	1783	1783	0	0
IS	2478	1690	1690	0	0
IS	2479	1755	1755	0	0
IS	2480	1705	1705	0	0
IS	2481	1793	1793	0	0
IS	2482	1700	1700	0	0
IS	2483	1629	1629	0	0
IS	2484	1687	1686	1	0
IS	2485	1650	1650	0	0
IS	2486	1720	1719	1	0
IS	2487	1701	1701	0	0
IS	2488	1807	1806	1	0
IS	2489	1704	1704	0	0
IS	2490	1781	1780	1	0
IS	2491	1715	1714	1	0
IS	2492	1730	1730	0	0
IS	2493	1772	1772	0	0
IS	2494	1681	1681	0	0
IS	2495	1631	1631	0	0
IS	2496	1712	1711	1	0
IS	2497	1705	1704	1	0
IS	2498	1684	1683	1	0
IS	2499	1698	1698	0	0
IS	2500	1650	1649	1	0
IS	2501	1636	1636	0	0
IS	2502	1688	1687	1	0
IS	2503	1601	1601	0	0
IS	2504	1692	1690	2	0
IS	2505	1661	1660	1	0
IS	2506	1676	1676	0	0
IS	2507	1646	1645	1	0
IS	2508	1626	1625	1	0
IS	2509	1668	1668	0	0
IS	2510	1628	1628	0	0
IS	2511	1687	1687	0	0
IS	2512	1609	1609	0	0
IS	2513	1618	1618	0	0
IS	2514	1641	1640	1	0
IS	2515	1626	1626	0	0
IS	2516	1667	1665	2	0
IS	2517	1639	1639	0	0
IS	2518	1640	1639	1	0
IS	2519	1701	1700	1	0
IS	2520	1638	1638	0	0
IS	2521	1548	1548	0	0
IS	2522	1637	1637	0	0
IS	2523	1640	1639	1	0
IS	2524	1672	1672	0	0
IS	2525	1628	1628	0	0
IS	2526	1672	1672	0	0
IS	2527	1645	1643	2	0
IS	2528	1585	1585	0	0
IS	2529	1661	1661	0	0
IS	2530	1619	1618	1	0
IS	2531	1565	1565	0	0
IS	2532	1722	1722	0	0
IS	2533	1630	1630	0	0
IS	2534	1696	1696	0	0
IS	2535	1700	1700	0	0
IS	2536	1697	1697	0	0
IS	2537	1572	1572	0	0
IS	2538	1616	1615	1	0
IS	2539	1647	1647	0	0
IS	2540	1616	1615	1	0
IS	2541	1629	1628	1	0
IS	2542	1642	1638	4	0
IS	2543	1627	1626	1	0
IS	2544	1587	1587	0	0
IS	2545	1684	1683	1	0
IS	2546	1602	1600	2	0
IS	2547	1676	1675	1	0
IS	2548	1632	1630	2	0
IS	2549	1651	1650	1	0
IS	2550	1613	1613	0	0
IS	2551	1602	1601	1	0
IS	2552	1685	1684	1	0
IS	2553	1614	1613	1	0
IS	2554	1656	1655	1	0
IS	2555	1620	1619	1	0
IS	2556	1657	1657	0	0
IS	2557	1698	1697	1	0
IS	2558	1725	1724	1	0
IS	2559	1652	1649	3	0
IS	2560	1643	1642	1	0
IS	2561	1662	1660	2	0
IS	2562	1631	1630	1	0
IS	2563	1622	1622	0	0
IS	2564	1635	1634	1	0
IS	2565	1665	1664	1	0
IS	2566	1782	1781	1	0
IS	2567	1739	1739	0	0
IS	2568	1657	1657	0	0
IS	2569	1753	1753	0	0
IS	2570	1665	1664	1	0
IS	2571	1639	1638	1	0
IS	2572	1714	1712	2	0
IS	2573	1628	1628	0	0
IS	2574	1735	1734	1	0
IS	2575	1656	1655	1	0
IS	2576	1719	1718	1	0
IS	2577	1794	1794	0	0
IS	2578	1660	1660	0	0
IS	2579	1686	1686	0	0
IS	2580	1756	1755	1	0
IS	2581	1732	1731	1	0
IS	2582	1643	1643	0	0
IS	2583	1662	1661	1	0
IS	2584	1673	1672	1	0
IS	2585	1700	1700	0	0
IS	2586	1662	1662	0	0
IS	2587	1681	1681	0	0
IS	2588	1772	1771	1	0
IS	2589	1680	1679	1	0
IS	2590	1652	1651	1	0
IS	2591	1683	1682	1	0
IS	2592	1598	1597	1	0
IS	2593	1635	1635	0	0
IS	2594	1640	1640	0	0
IS	2595	1749	1749	0	0
IS	2596	1651	1650	1	0
IS	2597	1579	1578	1	0
IS	2598	1620	1620	0	0
IS	2599	1669	1668	1	0
IS	2600	1646	1646	0	0
IS	2601	1596	1595	1	0
IS	2602	1638	1636	2	0
IS	2603	1570	1570	0	0
IS	2604	1536	1536	0	0
IS	2605	1662	1661	1	0
IS	2606	1744	1742	2	0
IS	2607	1646	1646	0	0
IS	2608	1652	1651	1	0
IS	2609	1652	1652	0	0
IS	2610	1670	1670	0	0
IS	2611	1630	1630	0	0
IS	2612	1648	1648	0	0
IS	2613	1673	1672	1	0
IS	2614	1651	1650	1	0
IS	2615	1720	1720	0	0
IS	2616	1676	1676	0	0
IS	2617	1688	1688	0	0
IS	2618	1618	1617	1	0
IS	2619	1672	1671	1	0
IS	2620	1657	1657	0	0
IS	2621	1661	1660	1	0
IS	2622	1685	1683	2	0
IS	2623	1575	1575	0	0
IS	2624	1592	1591	1	0
IS	2625	1629	1629	0	0
IS	2626	1646	1644	2	0
IS	2627	1677	1677	0	0
IS	2628	1604	1603	1	0
IS	2629	1562	1562	0	0
IS	2630	1646	1645	1	0
IS	2631	1609	1607	2	0
IS	2632	1662	1662	0	0
IS	2633	1710	1710	0	0
IS	2634	1593	1592	1	0
IS	2635	1606	1606	0	0
IS	2636	1665	1665	0	0
IS	2637	1633	1633	0	0
IS	2638	1593	1592	1	0
IS	2639	1707	1706	1	0
IS	2640	1621	1620	1	0
IS	2641	1563	1563	0	0
IS	2642	1703	1702	1	0
IS	2643	1630	1630	0	0
IS	2644	1569	1569	0	0
IS	2645	1575	1575	0	0
IS	2646	1647	1646	1	0
IS	2647	1639	1639	0	0
IS	2648	1629	1629	0	0
IS	2649	1573	1573	0	0
IS	2650	1651	1650	1	0
IS	2651	1597	1596	1	0
IS	2652	1543	1542	1	0
IS	2653	1593	1593	0	0
IS	2654	1522	1521	1	0
IS	2655	1594	1594	0	0
IS	2656	1610	1609	1	0
IS	2657	1620	1620	0	0
IS	2658	1623	1623	0	0
IS	2659	1563	1563	0	0
IS	2660	1681	1681	0	0
IS	2661	1587	1587	0	0
IS	2662	1629	1628	1	0
IS	2663	1568	1567	1	0
IS	2664	1511	1511	0	0
IS	2665	1539	1538	1	0
IS	2666	1591	1591	0	0
IS	2667	1636	1635	1	0
IS	2668	1632	1630	2	0
IS	2669	1576	1576	0	0
IS	2670	1548	1547	1	0
IS	2671	1533	1532	1	0
IS	2672	1565	1565	0	0
IS	2673	1509	1509	0	0
IS	2674	1562	1561	1	0
IS	2675	1493	1493	0	0
IS	2676	1547	1546	1	0
IS	2677	1550	1549	1	0
IS	2678	1506	1506	0	0
IS	2679	1524	1524	0	0
IS	2680	1546	1545	1	0
IS	2681	1579	1579	0	0
IS	2682	1545	1545	0	0
IS	2683	1538	1537	1	0
IS	2684	1565	1564	1	0
IS	2685	1505	1505	0	0
IS	2686	1514	1513	1	0
IS	2687	1568	1568	0	0
IS	2688	1528	1526	2	0
IS	2689	1581	1581	0	0
IS	2690	1517	1517	0	0
IS	2691	1496	1495	1	0
IS	2692	1558	1558	0	0
IS	2693	1482	1482	0	0
IS	2694	1525	1525	0	0
IS	2695	1471	1471	0	0
IS	2696	1506	1506	0	0
IS	2697	1506	1506	0	0
IS	2698	1593	1593	0	0
IS	2699	1562	1561	1	0
IS	2700	1507	1507	0	0
IS	2701	1577	1577	0	0
IS	2702	1579	1578	1	0
IS	2703	1489	1489	0	0
IS	2704	1516	1515	1	0
IS	2705	1563	1562	1	0
IS	2706	1541	1541	0	0
IS	2707	1522	1522	0	0
IS	2708	1499	1498	1	0
IS	2709	1532	1531	1	0
IS	2710	1497	1497	0	0
IS	2711	1507	1507	0	0
IS	2712	1467	1464	3	0
IS	2713	1512	1512	0	0
IS	2714	1512	1512	0	0
IS	2715	1550	1550	0	0
IS	2716	1547	1547	0	0
IS	2717	1521	1520	1	0
IS	2718	1538	1538	0	0
IS	2719	1442	1442	0	0
IS	2720	1644	1644	0	0
IS	2721	1487	1487	0	0
IS	2722	1502	1502	0	0
IS	2723	1505	1505	0	0
IS	2724	1460	1460	0	0
IS	2725	1448	1448	0	0
IS	2726	1536	1536	0	0
IS	2727	1520	1519	1	0
IS	2728	1424	1424	0	0
IS	2729	1586	1586	0	0
IS	2730	1510	1509	1	0
IS	2731	1537	1536	1	0
IS	2732	1499	1499	0	0
IS	2733	1486	1485	1	0
IS	2734	1528	1528	0	0
IS	2735	1444	1444	0	0
IS	2736	1522	1521	1	0
IS	2737	1466	1466	0	0
IS	2738	1456	1456	0	0
IS	2739	1496	1494	2	0
IS	2740	1579	1578	1	0
IS	2741	1455	1455	0	0
IS	2742	1459	1458	1	0
IS	2743	1469	1468	1	0
IS	2744	1489	1489	0	0
IS	2745	1500	1500	0	0
IS	2746	1497	1497	0	0
IS	2747	1406	1406	0	0
IS	2748	1543	1543	0	0
IS	2749	1506	1506	0	0
IS	2750	1446	1446	0	0
IS	2751	1500	1500	0	0
IS	2752	1453	1452	1	0
IS	2753	1500	1499	1	0
IS	2754	1492	1492	0	0
IS	2755	1476	1476	0	0
IS	2756	1551	1550	1	0
IS	2757	1498	1497	1	0
IS	2758	1526	1525	1	0
IS	2759	1451	1451	0	0
IS	2760	1465	1465	0	0
IS	2761	1382	1381	1	0
IS	2762	1488	1488	0	0
IS	2763	1548	1545	3	0
IS	2764	1429	1429	0	0
IS	2765	1420	1418	2	0
IS	2766	1484	1484	0	0
IS	2767	1517	1516	1	0
IS	2768	1463	1462	1	0
IS	2769	1433	1433	0	0
IS	2770	1453	1453	0	0
IS	2771	1520	1520	0	0
IS	2772	1442	1442	0	0
IS	2773	1516	1516	0	0
IS	2774	1531	1531	0	0
IS	2775	1413	1412	1	0
IS	2776	1505	1505	0	0
IS	2777	1471	1471	0	0
IS	2778	1501	1501	0	0
IS	2779	1458	1458	0	0
IS	2780	1459	1459	0	0
IS	2781	1506	1506	0	0
IS	2782	1481	1480	1	0
IS	2783	1481	1481	0	0
IS	2784	1427	1427	0	0
IS	2785	1476	1476	0	0
IS	2786	1381	1380	1	0
IS	2787	1487	1487	0	0
IS	2788	1536	1536	0	0
IS	2789	1513	1513	0	0
IS	2790	1477	1477	0	0
IS	2791	1506	1506	0	0
IS	2792	1451	1451	0	0
IS	2793	1356	1356	0	0
IS	2794	1467	1466	1	0
IS	2795	1448	1448	0	0
IS	2796	1556	1556	0	0
IS	2797	1395	1395	0	0
IS	2798	1496	1496	0	0
IS	2799	1430	1428	2	0
IS	2800	1574	1574	0	0
IS	2801	1452	1451	1	0
IS	2802	1448	1448	0	0
IS	2803	1476	1476	0	0
IS	2804	1474	1474	0	0
IS	2805	1430	1430	0	0
IS	2806	1426	1426	0	0
IS	2807	1445	1445	0	0
IS	2808	1530	1530	0	0
IS	2809	1442	1441	1	0
IS	2810	1440	1440	0	0
IS	2811	1479	1478	1	0
IS	2812	1489	1489	0	0
IS	2813	1471	1471	0	0
IS	2814	1525	1525	0	0
IS	2815	1489	1489	0	0
IS	2816	1457	1457	0	0
IS	2817	1404	1403	1	0
IS	2818	1464	1464	0	0
IS	2819	1439	1439	0	0
IS	2820	1531	1531	0	0
IS	2821	1526	1526	0	0
IS	2822	1452	1452	0	0
IS	2823	1455	1455	0	0
IS	2824	1502	1501	1	0
IS	2825	1429	1429	0	0
IS	2826	1445	1445	0	0
IS	2827	1381	1381	0	0
IS	2828	1469	1469	0	0
IS	2829	1424	1424	0	0
IS	2830	1529	1529	0	0
IS	2831	1494	1494	0	0
IS	2832	1368	1368	0	0
IS	2833	1446	1446	0	0
IS	2834	1469	1469	0	0
IS	2835	1444	1444	0	0
IS	2836	1457	1457	0	0
IS	2837	1464	1464	0	0
IS	2838	1452	1452	0	0
IS	2839	1482	1481	1	0
IS	2840	1458	1457	1	0
IS	2841	1506	1505	1	0
IS	2842	1449	1449	0	0
IS	2843	1444	1444	0	0
IS	2844	1445	1444	1	0
IS	2845	1393	1393	0	0
IS	2846	1381	1380	1	0
IS	2847	1424	1423	1	0
IS	2848	1449	1449	0	0
IS	2849	1392	1392	0	0
IS	2850	1487	1487	0	0
IS	2851	1483	1483	0	0
IS	2852	1525	1525	0	0
IS	2853	1484	1482	2	0
IS	2854	1455	1455	0	0
IS	2855	1454	1454	0	0
IS	2856	1496	1496	0	0
IS	2857	1410	1410	0	0
IS	2858	1467	1467	0	0
IS	2859	1393	1393	0	0
IS	2860	1483	1483	0	0
IS	2861	1451	1451	0	0
IS	2862	1395	1395	0	0
IS	2863	1407	1407	0	0
IS	2864	1490	1490	0	0
IS	2865	1457	1457	0	0
IS	2866	1493	1492	1	0
IS	2867	1470	1470	0	0
IS	2868	1372	1371	1	0
IS	2869	1455	1454	1	0
IS	2870	1389	1388	1	0
IS	2871	1426	1426	0	0
IS	2872	1384	1384	0	0
IS	2873	1495	1495	0	0
IS	2874	1496	1495	1	0
IS	2875	1367	1366	1	0
IS	2876	1473	1473	0	0
IS	2877	1459	1459	0	0
IS	2878	1426	1425	1	0
IS	2879	1467	1467	0	0
IS	2880	1464	1463	1	0
IS	2881	1428	1428	0	0
IS	2882	1367	1366	1	0
IS	2883	1417	1417	0	0
IS	2884	1425	1425	0	0
IS	2885	1466	1466	0	0
IS	2886	1512	1512	0	0
IS	2887	1464	1464	0	0
IS	2888	1434	1434	0	0
IS	2889	1381	1380	1	0
IS	2890	1479	1479	0	0
IS	2891	1400	1400	0	0
IS	2892	1395	1394	1	0
IS	2893	1441	1440	1	0
IS	2894	1403	1402	1	0
IS	2895	1345	1345	0	0
IS	2896	1369	1369	0	0
IS	2897	1395	1394	1	0
IS	2898	1356	1356	0	0
IS	2899	1346	1346	0	0
IS	2900	1322	1322	0	0
IS	2901	1469	1469	0	0
IS	2902	1385	1385	0	0
IS	2903	1378	1378	0	0
IS	2904	1401	1401	0	0
IS	2905	1355	1355	0	0
IS	2906	1376	1376	0	0
IS	2907	1417	1417	0	0
IS	2908	1436	1436	0	0
IS	2909	1477	1477	0	0
IS	2910	1366	1366	0	0
IS	2911	1428	1428	0	0
IS	2912	1420	1420	0	0
IS	2913	1415	1414	1	0
IS	2914	1408	1408	0	0
IS	2915	1449	1449	0	0
IS	2916	1475	1475	0	0
IS	2917	1411	1410	1	0
IS	2918	1431	1431	0	0
IS	2919	1473	1473	0	0
IS	2920	1376	1376	0	0
IS	2921	1450	1450	0	0
IS	2922	1389	1389	0	0
IS	2923	1408	1407	1	0
IS	2924	1485	1485	0	0
IS	2925	1418	1418	0	0
IS	2926	1420	1419	1	0
IS	2927	1367	1367	0	0
IS	2928	1435	1435	0	0
IS	2929	1425	1425	0	0
IS	2930	1356	1355	1	0
IS	2931	1422	1421	1	0
IS	2932	1376	1376	0	0
IS	2933	1360	1360	0	0
IS	2934	1437	1437	0	0
IS	2935	1309	1309	0	0
IS	2936	1326	1326	0	0
IS	2937	1387	1386	1	0
IS	2938	1374	1374	0	0
IS	2939	1337	1337	0	0
IS	2940	1361	1361	0	0
IS	2941	1444	1444	0	0
IS	2942	1352	1352	0	0
IS	2943	1371	1370	1	0
IS	2944	1344	1344	0	0
IS	2945	1394	1394	0	0
IS	2946	1418	1417	1	0
IS	2947	1437	1437	0	0
IS	2948	1446	1444	2	0
IS	2949	1355	1355	0	0
IS	2950	1425	1425	0	0
IS	2951	1347	1346	1	0
IS	2952	1294	1292	2	0
IS	2953	1355	1355	0	0
IS	2954	1378	1378	0	0
IS	2955	1380	1380	0	0
IS	2956	1385	1384	1	0
IS	2957	1349	1349	0	0
IS	2958	1259	1259	0	0
IS	2959	1338	1338	0	0
IS	2960	1333	1333	0	0
IS	2961	1340	1340	0	0
IS	2962	1302	1301	1	0
IS	2963	1340	1340	0	0
IS	2964	1338	1338	0	0
IS	2965	1304	1303	1	0
IS	2966	1337	1337	0	0
IS	2967	1360	1360	0	0
IS	2968	1347	1347	0	0
IS	2969	1345	1345	0	0
IS	2970	1333	1332	1	0
IS	2971	1362	1362	0	0
IS	2972	1370	1369	1	0
IS	2973	1412	1412	0	0
IS	2974	1407	1406	1	0
IS	2975	1396	1396	0	0
IS	2976	1390	1390	0	0
IS	2977	1342	1342	0	0
IS	2978	1355	1355	0	0
IS	2979	1351	1350	1	0
IS	2980	1280	1279	1	0
IS	2981	1274	1274	0	0
IS	2982	1311	1310	1	0
IS	2983	1363	1363	0	0
IS	2984	1312	1312	0	0
IS	2985	1322	1322	0	0
IS	2986	1334	1334	0	0
IS	2987	1371	1371	0	0
IS	2988	1312	1312	0	0
IS	2989	1341	1341	0	0
IS	2990	1298	1297	1	0
IS	2991	1403	1402	1	0
IS	2992	1251	1251	0	0
IS	2993	1362	1362	0	0
IS	2994	1281	1281	0	0
IS	2995	1420	1420	0	0
IS	2996	1328	1326	2	0
IS	2997	1329	1329	0	0
IS	2998	1288	1288	0	0
IS	2999	1321	1321	0	0
IS	3000	1319	1319	0	0
IS	3001	1299	1297	2	0
IS	3002	1263	1263	0	0
IS	3003	1334	1333	1	0
IS	3004	1354	1354	0	0
IS	3005	1420	1420	0	0
IS	3006	1399	1399	0	0
IS	3007	1364	1364	0	0
IS	3008	1345	1344	1	0
IS	3009	1426	1426	0	0
IS	3010	1372	1371	1	0
IS	3011	1371	1370	1	0
IS	3012	1333	1333	0	0
IS	3013	1281	1281	0	0
IS	3014	1404	1404	0	0
IS	3015	1384	1384	0	0
IS	3016	1334	1334	0	0
IS	3017	1281	1281	0	0
IS	3018	1407	1406	1	0
IS	3019	1385	1385	0	0
IS	3020	1404	1404	0	0
IS	3021	1343	1343	0	0
IS	3022	1468	1468	0	0
IS	3023	1383	1382	1	0
IS	3024	1401	1401	0	0
IS	3025	1308	1307	1	0
IS	3026	1410	1410	0	0
IS	3027	1375	1375	0	0
IS	3028	1330	1330	0	0
IS	3029	1392	1392	0	0
IS	3030	1384	1384	0	0
IS	3031	1465	1465	0	0
IS	3032	1436	1434	2	0
IS	3033	1356	1356	0	0
IS	3034	1312	1312	0	0
IS	3035	1343	1342	1	0
IS	3036	1357	1356	1	0
IS	3037	1338	1336	2	0
IS	3038	1343	1343	0	0
IS	3039	1417	1417	0	0
IS	3040	1268	1268	0	0
IS	3041	1400	1400	0	0
IS	3042	1340	1340	0	0
IS	3043	1307	1307	0	0
IS	3044	1391	1391	0	0
IS	3045	1345	1345	0	0
IS	3046	1427	1427	0	0
IS	3047	1372	1371	1	0
IS	3048	1311	1311	0	0
IS	3049	1335	1335	0	0
IS	3050	1368	1367	1	0
IS	3051	1308	1308	0	0
IS	3052	1362	1362	0	0
IS	3053	1296	1296	0	0
IS	3054	1379	1379	0	0
IS	3055	1401	1400	1	0
IS	3056	1334	1334	0	0
IS	3057	1309	1309	0	0
IS	3058	1311	1311	0	0
IS	3059	1285	1284	1	0
IS	3060	1465	1464	1	0
IS	3061	1376	1375	1	0
IS	3062	1312	1312	0	0
IS	3063	1295	1295	0	0
IS	3064	1320	1320	0	0
IS	3065	1345	1345	0	0
IS	3066	1366	1366	0	0
IS	3067	1395	1395	0	0
IS	3068	1374	1374	0	0
IS	3069	1371	1371	0	0
IS	3070	1342	1342	0	0
IS	3071	1393	1391	2	0
IS	3072	1250	1250	0	0
IS	3073	1392	1392	0	0
IS	3074	1355	1355	0	0
IS	3075	1377	1377	0	0
IS	3076	1316	1315	1	0
IS	3077	1416	1416	0	0
IS	3078	1310	1310	0	0
IS	3079	1328	1328	0	0
IS	3080	1347	1347	0	0
IS	3081	1353	1353	0	0
IS	3082	1282	1282	0	0
IS	3083	1349	1348	1	0
IS	3084	1326	1325	1	0
IS	3085	1337	1336	1	0
IS	3086	1339	1339	0	0
IS	3087	1224	1224	0	0
IS	3088	1288	1288	0	0
IS	3089	1314	1313	1	0
IS	3090	1375	1375	0	0
IS	3091	1369	1368	1	0
IS	3092	1358	1358	0	0
IS	3093	1314	1314	0	0
IS	3094	1267	1267	0	0
IS	3095	1393	1393	0	0
IS	3096	1250	1250	0	0
IS	3097	1331	1331	0	0
IS	3098	1309	1309	0	0
IS	3099	1308	1308	0	0
IS	3100	1324	1324	0	0
IS	3101	1309	1309	0	0
IS	3102	1272	1272	0	0
IS	3103	1269	1268	1	0
IS	3104	1253	1253	0	0
IS	3105	1312	1312	0	0
IS	3106	1308	1308	0	0
IS	3107	1317	1316	1	0
IS	3108	1312	1312	0	0
IS	3109	1290	1289	1	0
IS	3110	1332	1330	2	0
IS	3111	1277	1277	0	0
IS	3112	1250	1250	0	0
IS	3113	1349	1349	0	0
IS	3114	1335	1334	1	0
IS	3115	1306	1306	0	0
IS	3116	1231	1231	0	0
IS	3117	1314	1314	0	0
IS	3118	1269	1269	0	0
IS	3119	1266	1266	0	0
IS	3120	1326	1326	0	0
IS	3121	1395	1395	0	0
IS	3122	1316	1316	0	0
IS	3123	1335	1335	0	0
IS	3124	1301	1301	0	0
IS	3125	1315	1315	0	0
IS	3126	1372	1370	2	0
IS	3127	1430	1430	0	0
IS	3128	1325	1325	0	0
IS	3129	1432	1431	1	0
IS	3130	1304	1304	0	0
IS	3131	1271	1270	1	0
IS	3132	1230	1229	1	0
IS	3133	1372	1372	0	0
IS	3134	1260	1259	1	0
IS	3135	1321	1321	0	0
IS	3136	1285	1285	0	0
IS	3137	1348	1347	1	0
IS	3138	1236	1236	0	0
IS	3139	1326	1326	0	0
IS	3140	1366	1366	0	0
IS	3141	1265	1264	1	0
IS	3142	1295	1294	1	0
IS	3143	1283	1283	0	0
IS	3144	1243	1242	1	0
IS	3145	1331	1331	0	0
IS	3146	1305	1305	0	0
IS	3147	1269	1269	0	0
IS	3148	1308	1307	1	0
IS	3149	1243	1243	0	0
IS	3150	1297	1297	0	0
IS	3151	1315	1314	1	0
IS	3152	1325	1323	2	0
IS	3153	1277	1277	0	0
IS	3154	1355	1354	1	0
IS	3155	1258	1258	0	0
IS	3156	1322	1322	0	0
IS	3157	1270	1270	0	0
IS	3158	1312	1312	0	0
IS	3159	1301	1301	0	0
IS	3160	1265	1265	0	0
IS	3161	1310	1310	0	0
IS	3162	1279	1279	0	0
IS	3163	1280	1280	0	0
IS	3164	1339	1338	1	0
IS	3165	1296	1296	0	0
IS	3166	1251	1249	2	0
IS	3167	1321	1320	1	0
IS	3168	1334	1333	1	0
IS	3169	1208	1208	0	0
IS	3170	1252	1252	0	0
IS	3171	1349	1349	0	0
IS	3172	1226	1226	0	0
IS	3173	1290	1290	0	0
IS	3174	1286	1286	0	0
IS	3175	1200	1200	0	0
IS	3176	1269	1268	1	0
IS	3177	1273	1273	0	0
IS	3178	1177	1177	0	0
IS	3179	1334	1334	0	0
IS	3180	1303	1303	0	0
IS	3181	1314	1314	0	0
IS	3182	1277	1277	0	0
IS	3183	1183	1183	0	0
IS	3184	1263	1263	0	0
IS	3185	1258	1258	0	0
IS	3186	1222	1222	0	0
IS	3187	1285	1284	1	0
IS	3188	1294	1294	0	0
IS	3189	1279	1279	0	0
IS	3190	1327	1327	0	0
IS	3191	1339	1339	0	0
IS	3192	1301	1301	0	0
IS	3193	1266	1266	0	0
IS	3194	1289	1288	1	0
IS	3195	1273	1273	0	0
IS	3196	1293	1293	0	0
IS	3197	1326	1325	1	0
IS	3198	1305	1305	0	0
IS	3199	1294	1294	0	0
IS	3200	1308	1308	0	0
IS	3201	1269	1269	0	0
IS	3202	1268	1267	1	0
IS	3203	1262	1262	0	0
IS	3204	1302	1302	0	0
IS	3205	1214	1213	1	0
IS	3206	1311	1311	0	0
IS	3207	1223	1222	1	0
IS	3208	1209	1209	0	0
IS	3209	1328	1328	0	0
IS	3210	1269	1269	0	0
IS	3211	1246	1246	0	0
IS	3212	1227	1227	0	0
IS	3213	1246	1246	0	0
IS	3214	1248	1248	0	0
IS	3215	1277	1276	1	0
IS	3216	1186	1186	0	0
IS	3217	1290	1290	0	0
IS	3218	1197	1197	0	0
IS	3219	1289	1289	0	0
IS	3220	1224	1223	1	0
IS	3221	1193	1193	0	0
IS	3222	1249	1249	0	0
IS	3223	1231	1231	0	0
IS	3224	1289	1288	1	0
IS	3225	1225	1225	0	0
IS	3226	1183	1183	0	0
IS	3227	1268	1268	0	0
IS	3228	1271	1271	0	0
IS	3229	1222	1221	1	0
IS	3230	1235	1235	0	0
IS	3231	1291	1290	1	0
IS	3232	1216	1216	0	0
IS	3233	1333	1333	0	0
IS	3234	1175	1175	0	0
IS	3235	1187	1187	0	0
IS	3236	1218	1218	0	0
IS	3237	1242	1242	0	0
IS	3238	1181	1178	3	0
IS	3239	1201	1201	0	0
IS	3240	1265	1264	1	0
IS	3241	1229	1229	0	0
IS	3242	1256	1256	0	0
IS	3243	1233	1233	0	0
IS	3244	1295	1294	1	0
IS	3245	1302	1302	0	0
IS	3246	1248	1248	0	0
IS	3247	1156	1156	0	0
IS	3248	1217	1217	0	0
IS	3249	1240	1238	2	0
IS	3250	1182	1182	0	0
IS	3251	1226	1225	1	0
IS	3252	1204	1204	0	0
IS	3253	1228	1228	0	0
IS	3254	1177	1177	0	0
IS	3255	1254	1254	0	0
IS	3256	1287	1287	0	0
IS	3257	1145	1145	0	0
IS	3258	1206	1206	0	0
IS	3259	1160	1160	0	0
IS	3260	1211	1210	1	0
IS	3261	1183	1182	1	0
IS	3262	1216	1216	0	0
IS	3263	1224	1224	0	0
IS	3264	1207	1207	0	0
IS	3265	1215	1215	0	0
IS	3266	1208	1208	0	0
IS	3267	1262	1261	1	0
IS	3268	1200	1200	0	0
IS	3269	1210	1209	1	0
IS	3270	1198	1198	0	0
IS	3271	1143	1142	1	0
IS	3272	1131	1131	0	0
IS	3273	1214	1213	1	0
IS	3274	1236	1236	0	0
IS	3275	1178	1178	0	0
IS	3276	1324	1324	0	0
IS	3277	1254	1253	1	0
IS	3278	1124	1124	0	0
IS	3279	1203	1203	0	0
IS	3280	1255	1255	0	0
IS	3281	1145	1144	1	0
IS	3282	1205	1205	0	0
IS	3283	1163	1163	0	0
IS	3284	1242	1242	0	0
IS	3285	1211	1211	0	0
IS	3286	1238	1238	0	0
IS	3287	1200	1200	0	0
IS	3288	1235	1235	0	0
IS	3289	1213	1213	0	0
IS	3290	1223	1223	0	0
IS	3291	1187	1187	0	0
IS	3292	1189	1187	2	0
IS	3293	1248	1247	1	0
IS	3294	1214	1214	0	0
IS	3295	1204	1204	0	0
IS	3296	1259	1258	1	0
IS	3297	1160	1159	1	0
IS	3298	1219	1219	0	0
IS	3299	1243	1243	0	0
IS	3300	1202	1201	1	0
IS	3301	1246	1246	0	0
IS	3302	1208	1208	0	0
IS	3303	1252	1252	0	0
IS	3304	1202	1202	0	0
IS	3305	1325	1324	1	0
IS	3306	1247	1247	0	0
IS	3307	1242	1242	0	0
IS	3308	1300	1300	0	0
IS	3309	1153	1152	1	0
IS	3310	1187	1187	0	0
IS	3311	1259	1259	0	0
IS	3312	1181	1181	0	0
IS	3313	1221	1220	1	0
IS	3314	1214	1213	1	0
IS	3315	1205	1205	0	0
IS	3316	1168	1168	0	0
IS	3317	1190	1190	0	0
IS	3318	1215	1215	0	0
IS	3319	1176	1175	1	0
IS	3320	1243	1243	0	0
IS	3321	1145	1145	0	0
IS	3322	1179	1179	0	0
IS	3323	1167	1166	1	0
IS	3324	1125	1125	0	0
IS	3325	1168	1168	0	0
IS	3326	1262	1262	0	0
IS	3327	1228	1228	0	0
IS	3328	1217	1217	0	0
IS	3329	1183	1183	0	0
IS	3330	1292	1291	1	0
IS	3331	1201	1201	0	0
IS	3332	1254	1253	1	0
IS	3333	1248	1247	1	0
IS	3334	1162	1161	1	0
IS	3335	1226	1225	1	0
IS	3336	1232	1232	0	0
IS	3337	1207	1207	0	0
IS	3338	1206	1205	1	0
IS	3339	1227	1227	0	0
IS	3340	1217	1217	0	0
IS	3341	1160	1160	0	0
IS	3342	1175	1174	1	0
IS	3343	1179	1179	0	0
IS	3344	1133	1133	0	0
IS	3345	1189	1188	1	0
IS	3346	1196	1194	2	0
IS	3347	1225	1225	0	0
IS	3348	1193	1192	1	0
IS	3349	1216	1216	0	0
IS	3350	1113	1113	0	0
IS	3351	1139	1138	1	0
IS	3352	1156	1155	1	0
IS	3353	1112	1112	0	0
IS	3354	1188	1187	1	0
IS	3355	1173	1172	1	0
IS	3356	1169	1168	1	0
IS	3357	1081	1081	0	0
IS	3358	1190	1189	1	0
IS	3359	1158	1158	0	0
IS	3360	1158	1157	1	0
IS	3361	1181	1181	0	0
IS	3362	1194	1193	1	0
IS	3363	1157	1157	0	0
IS	3364	1199	1198	1	0
IS	3365	1251	1251	0	0
IS	3366	1148	1148	0	0
IS	3367	1244	1242	2	0
IS	3368	1195	1195	0	0
IS	3369	1231	1231	0	0
IS	3370	1230	1230	0	0
IS	3371	1183	1181	2	0
IS	3372	1162	1161	1	0
IS	3373	1223	1222	1	0
IS	3374	1227	1227	0	0
IS	3375	1163	1162	1	0
IS	3376	1181	1181	0	0
IS	3377	1203	1203	0	0
IS	3378	1176	1176	0	0
IS	3379	1223	1223	0	0
IS	3380	1193	1193	0	0
IS	3381	1218	1216	2	0
IS	3382	1181	1181	0	0
IS	3383	1191	1191	0	0
IS	3384	1172	1172	0	0
IS	3385	1184	1184	0	0
IS	3386	1128	1128	0	0
IS	3387	1170	1170	0	0
IS	3388	1276	1274	2	0
IS	3389	1195	1195	0	0
IS	3390	1175	1175	0	0
IS	3391	1186	1186	0	0
IS	3392	1222	1222	0	0
IS	3393	1201	1201	0	0
IS	3394	1106	1106	0	0
IS	3395	1217	1217	0	0
IS	3396	1314	1313	1	0
IS	3397	1164	1163	1	0
IS	3398	1148	1147	1	0
IS	3399	1225	1224	1	0
IS	3400	1236	1236	0	0
IS	3401	1186	1186	0	0
IS	3402	1155	1154	1	0
IS	3403	1132	1131	1	0
IS	3404	1171	1171	0	0
IS	3405	1156	1156	0	0
IS	3406	1148	1148	0	0
IS	3407	1200	1200	0	0
IS	3408	1220	1219	1	0
IS	3409	1151	1150	1	0
IS	3410	1201	1201	0	0
IS	3411	1218	1218	0	0
IS	3412	1130	1129	1	0
IS	3413	1226	1226	0	0
IS	3414	1142	1142	0	0
IS	3415	1217	1216	1	0
IS	3416	1119	1118	1	0
IS	3417	1147	1147	0	0
IS	3418	1246	1245	1	0
IS	3419	1134	1134	0	0
IS	3420	1203	1203	0	0
IS	3421	1129	1129	0	0
IS	3422	1183	1183	0	0
IS	3423	1150	1150	0	0
IS	3424	1204	1204	0	0
IS	3425	1177	1177	0	0
IS	3426	1132	1132	0	0
IS	3427	1184	1184	0	0
IS	3428	1173	1173	0	0
IS	3429	1206	1206	0	0
IS	3430	1167	1167	0	0
IS	3431	1190	1190	0	0
IS	3432	1159	1159	0	0
IS	3433	1156	1155	1	0
IS	3434	1223	1222	1	0
IS	3435	1213	1212	1	0
IS	3436	1168	1168	0	0
IS	3437	1217	1216	1	0
IS	3438	1233	1233	0	0
IS	3439	1092	1092	0	0
IS	3440	1205	1205	0	0
IS	3441	1164	1164	0	0
IS	3442	1147	1146	1	0
IS	3443	1190	1190	0	0
IS	3444	1188	1187	1	0
IS	3445	1205	1204	1	0
IS	3446	1201	1200	1	0
IS	3447	1121	1121	0	0
IS	3448	1260	1260	0	0
IS	3449	1120	1120	0	0
IS	3450	1167	1167	0	0
IS	3451	1162	1162	0	0
IS	3452	1174	1174	0	0
IS	3453	1133	1133	0	0
IS	3454	1161	1161	0	0
IS	3455	1107	1107	0	0
IS	3456	1212	1212	0	0
IS	3457	1111	1111	0	0
IS	3458	1134	1133	1	0
IS	3459	1181	1181	0	0
IS	3460	1199	1199	0	0
IS	3461	1147	1147	0	0
IS	3462	1159	1159	0	0
IS	3463	1171	1170	1	0
IS	3464	1219	1219	0	0
IS	3465	1165	1164	1	0
IS	3466	1128	1128	0	0
IS	3467	1108	1108	0	0
IS	3468	1168	1168	0	0
IS	3469	1145	1145	0	0
IS	3470	1087	1087	0	0
IS	3471	1153	1152	1	0
IS	3472	1149	1149	0	0
IS	3473	1130	1130	0	0
IS	3474	1122	1122	0	0
IS	3475	1139	1139	0	0
IS	3476	1161	1161	0	0
IS	3477	1084	1084	0	0
IS	3478	1099	1099	0	0
IS	3479	1182	1182	0	0
IS	3480	1104	1104	0	0
IS	3481	1109	1109	0	0
IS	3482	1196	1196	0	0
IS	3483	1094	1094	0	0
IS	3484	1181	1181	0	0
IS	3485	1148	1148	0	0
IS	3486	1059	1059	0	0
IS	3487	1125	1124	1	0
IS	3488	1121	1121	0	0
IS	3489	1257	1257	0	0
IS	3490	1145	1145	0	0
IS	3491	1169	1169	0	0
IS	3492	1109	1109	0	0
IS	3493	1126	1126	0	0
IS	3494	1123	1123	0	0
IS	3495	1106	1106	0	0
IS	3496	1047	1047	0	0
IS	3497	1081	1081	0	0
IS	3498	986	986	0	0
IS	3499	1201	1201	0	0
IS	3500	1080	1080	0	0
IS	3501	1059	1059	0	0
IS	3502	1036	1036	0	0
IS	3503	1099	1099	0	0
IS	3504	1134	1134	0	0
IS	3505	1095	1095	0	0
IS	3506	1120	1120	0	0
IS	3507	1046	1046	0	0
IS	3508	1115	1115	0	0
IS	3509	1062	1062	0	0
IS	3510	1153	1153	0	0
IS	3511	1157	1157	0	0
IS	3512	1025	1025	0	0
IS	3513	1153	1153	0	0
IS	3514	1095	1093	2	0
IS	3515	1121	1121	0	0
IS	3516	1074	1074	0	0
IS	3517	1076	1076	0	0
IS	3518	1097	1097	0	0
IS	3519	1033	1033	0	0
IS	3520	1146	1145	1	0
IS	3521	1100	1100	0	0
IS	3522	1058	1058	0	0
IS	3523	1027	1027	0	0
IS	3524	1055	1055	0	0
IS	3525	1095	1095	0	0
IS	3526	1083	1083	0	0
IS	3527	1036	1036	0	0
IS	3528	1096	1096	0	0
IS	3529	1006	1005	1	0
IS	3530	1069	1067	2	0
IS	3531	1096	1096	0	0
IS	3532	1020	1020	0	0
IS	3533	1112	1111	1	0
IS	3534	1097	1097	0	0
IS	3535	965	965	0	0
IS	3536	1067	1067	0	0
IS	3537	1048	1048	0	0
IS	3538	1035	1035	0	0
IS	3539	1052	1052	0	0
IS	3540	1031	1031	0	0
IS	3541	1048	1047	1	0
IS	3542	1013	1013	0	0
IS	3543	1063	1062	1	0
IS	3544	1014	1014	0	0
IS	3545	989	988	1	0
IS	3546	1079	1079	0	0
IS	3547	1085	1085	0	0
IS	3548	1101	1101	0	0
IS	3549	1019	1018	1	0
IS	3550	957	957	0	0
IS	3551	1036	1036	0	0
IS	3552	1073	1073	0	0
IS	3553	1060	1059	1	0
IS	3554	1019	1019	0	0
IS	3555	993	993	0	0
IS	3556	1033	1032	1	0
IS	3557	1016	1016	0	0
IS	3558	1039	1039	0	0
IS	3559	1020	1020	0	0
IS	3560	1054	1054	0	0
IS	3561	1014	1014	0	0
IS	3562	1026	1026	0	0
IS	3563	1025	1025	0	0
IS	3564	1073	1073	0	0
IS	3565	1003	1002	1	0
IS	3566	976	976	0	0
IS	3567	1044	1044	0	0
IS	3568	1032	1032	0	0
IS	3569	1041	1041	0	0
IS	3570	1136	1136	0	0
IS	3571	1045	1045	0	0
IS	3572	1069	1069	0	0
IS	3573	1090	1089	1	0
IS	3574	1087	1087	0	0
IS	3575	1043	1042	1	0
IS	3576	1058	1057	1	0
IS	3577	1033	1033	0	0
IS	3578	1032	1032	0	0
IS	3579	1078	1078	0	0
IS	3580	979	978	1	0
IS	3581	1017	1017	0	0
IS	3582	1041	1041	0	0
IS	3583	1033	1033	0	0
IS	3584	1066	1066	0	0
IS	3585	1098	1098	0	0
IS	3586	1057	1057	0	0
IS	3587	1028	1028	0	0
IS	3588	1028	1026	2	0
IS	3589	1059	1059	0	0
IS	3590	933	933	0	0
IS	3591	1011	1011	0	0
IS	3592	1048	1048	0	0
IS	3593	984	984	0	0
IS	3594	1028	1027	1	0
IS	3595	1010	1010	0	0
IS	3596	995	995	0	0
IS	3597	1084	1084	0	0
IS	3598	1113	1112	1	0
IS	3599	1079	1079	0	0
IS	3600	1036	1036	0	0
IS	3601	1125	1125	0	0
IS	3602	1096	1096	0	0
IS	3603	1076	1076	0	0
IS	3604	1109	1109	0	0
IS	3605	1101	1100	1	0
IS	3606	1080	1080	0	0
IS	3607	1019	1019	0	0
IS	3608	1048	1048	0	0
IS	3609	1070	1070	0	0
IS	3610	1000	1000	0	0
IS	3611	1016	1016	0	0
IS	3612	1083	1082	1	0
IS	3613	1035	1035	0	0
IS	3614	1032	1032	0	0
IS	3615	1047	1047	0	0
IS	3616	1067	1067	0	0
IS	3617	1108	1108	0	0
IS	3618	1078	1078	0	0
IS	3619	1010	1010	0	0
IS	3620	960	960	0	0
IS	3621	989	989	0	0
IS	3622	1022	1022	0	0
IS	3623	1009	1009	0	0
IS	3624	1017	1017	0	0
IS	3625	1124	1123	1	0
IS	3626	1042	1042	0	0
IS	3627	1051	1050	1	0
IS	3628	1106	1106	0	0
IS	3629	1048	1048	0	0
IS	3630	1040	1039	1	0
IS	3631	1082	1082	0	0
IS	3632	1046	1046	0	0
IS	3633	1069	1069	0	0
IS	3634	1007	1007	0	0
IS	3635	1085	1085	0	0
IS	3636	1014	1014	0	0
IS	3637	1049	1049	0	0
IS	3638	1037	1035	2	0
IS	3639	1107	1107	0	0
IS	3640	1030	1029	1	0
IS	3641	1063	1063	0	0
IS	3642	941	940	1	0
IS	3643	1012	1012	0	0
IS	3644	1037	1037	0	0
IS	3645	1105	1105	0	0
IS	3646	1037	1036	1	0
IS	3647	1035	1034	1	0
IS	3648	1057	1057	0	0
IS	3649	1124	1124	0	0
IS	3650	1059	1059	0	0
IS	3651	1031	1030	1	0
IS	3652	1085	1085	0	0
IS	3653	1012	1012	0	0
IS	3654	979	979	0	0
IS	3655	1014	1014	0	0
IS	3656	1028	1028	0	0
IS	3657	1055	1055	0	0
IS	3658	1001	1001	0	0
IS	3659	994	994	0	0
IS	3660	1056	1056	0	0
IS	3661	985	985	0	0
IS	3662	1011	1009	2	0
IS	3663	1086	1086	0	0
IS	3664	1000	1000	0	0
IS	3665	1023	1023	0	0
IS	3666	1016	1015	1	0
IS	3667	1055	1054	1	0
IS	3668	999	999	0	0
IS	3669	1013	1013	0	0
IS	3670	1037	1037	0	0
IS	3671	999	999	0	0
IS	3672	1063	1063	0	0
IS	3673	1065	1064	1	0
IS	3674	1055	1055	0	0
IS	3675	959	959	0	0
IS	3676	994	994	0	0
IS	3677	999	999	0	0
IS	3678	996	996	0	0
IS	3679	1013	1012	1	0
IS	3680	1006	1006	0	0
IS	3681	1003	1002	1	0
IS	3682	990	990	0	0
IS	3683	970	970	0	0
IS	3684	985	984	1	0
IS	3685	1047	1047	0	0
IS	3686	959	959	0	0
IS	3687	979	979	0	0
IS	3688	1005	1005	0	0
IS	3689	1004	1004	0	0
IS	3690	969	967	2	0
IS	3691	1007	1007	0	0
IS	3692	955	955	0	0
IS	3693	991	991	0	0
IS	3694	955	955	0	0
IS	3695	1023	1023	0	0
IS	3696	932	932	0	0
IS	3697	1004	1004	0	0
IS	3698	995	995	0	0
IS	3699	999	999	0	0
IS	3700	940	940	0	0
IS	3701	986	986	0	0
IS	3702	1015	1015	0	0
IS	3703	1017	1015	2	0
IS	3704	952	952	0	0
IS	3705	1028	1028	0	0
IS	3706	1004	1004	0	0
IS	3707	941	941	0	0
IS	3708	968	967	1	0
IS	3709	917	917	0	0
IS	3710	1015	1015	0	0
IS	3711	1018	1018	0	0
IS	3712	905	905	0	0
IS	3713	986	985	1	0
IS	3714	1001	1001	0	0
IS	3715	949	949	0	0
IS	3716	917	917	0	0
IS	3717	978	978	0	0
IS	3718	1097	1097	0	0
IS	3719	949	949	0	0
IS	3720	1037	1037	0	0
IS	3721	987	987	0	0
IS	3722	1080	1080	0	0
IS	3723	1080	1079	1	0
IS	3724	1033	1033	0	0
IS	3725	964	964	0	0
IS	3726	983	983	0	0
IS	3727	1036	1036	0	0
IS	3728	980	980	0	0
IS	3729	1013	1012	1	0
IS	3730	1016	1016	0	0
IS	3731	1071	1071	0	0
IS	3732	985	985	0	0
IS	3733	1072	1072	0	0
IS	3734	1062	1062	0	0
IS	3735	997	997	0	0
IS	3736	1023	1023	0	0
IS	3737	1041	1041	0	0
IS	3738	992	992	0	0
IS	3739	1081	1081	0	0
IS	3740	1052	1052	0	0
IS	3741	1037	1037	0	0
IS	3742	1039	1039	0	0
IS	3743	1075	1075	0	0
IS	3744	991	991	0	0
IS	3745	1034	1034	0	0
IS	3746	1055	1055	0	0
IS	3747	1075	1075	0	0
IS	3748	1135	1135	0	0
IS	3749	1010	1009	1	0
IS	3750	1066	1065	1	0
IS	3751	1047	1047	0	0
IS	3752	1064	1064	0	0
IS	3753	1072	1072	0	0
IS	3754	1028	1028	0	0
IS	3755	1019	1019	0	0
IS	3756	1032	1032	0	0
IS	3757	1043	1043	0	0
IS	3758	1061	1061	0	0
IS	3759	1006	1006	0	0
IS	3760	1006	1005	1	0
IS	3761	1062	1062	0	0
IS	3762	1046	1046	0	0
IS	3763	1006	1006	0	0
IS	3764	1036	1036	0	0
IS	3765	979	979	0	0
IS	3766	1097	1097	0	0
IS	3767	1032	1032	0	0
IS	3768	1037	1035	2	0
IS	3769	1001	1001	0	0
IS	3770	987	986	1	0
IS	3771	1039	1038	1	0
IS	3772	1034	1034	0	0
IS	3773	984	984	0	0
IS	3774	1104	1104	0	0
IS	3775	1026	1026	0	0
IS	3776	1024	1024	0	0
IS	3777	1075	1075	0	0
IS	3778	1056	1056	0	0
IS	3779	1132	1132	0	0
IS	3780	1002	1002	0	0
IS	3781	1012	1012	0	0
IS	3782	942	942	0	0
IS	3783	1084	1084	0	0
IS	3784	1019	1019	0	0
IS	3785	1025	1025	0	0
IS	3786	1055	1054	1	0
IS	3787	1049	1049	0	0
IS	3788	1005	1005	0	0
IS	3789	1049	1049	0	0
IS	3790	1010	1010	0	0
IS	3791	1020	1020	0	0
IS	3792	1008	1007	1	0
IS	3793	988	988	0	0
IS	3794	993	992	1	0
IS	3795	1008	1008	0	0
IS	3796	963	963	0	0
IS	3797	999	999	0	0
IS	3798	995	995	0	0
IS	3799	1006	1006	0	0
IS	3800	1031	1031	0	0
IS	3801	974	974	0	0
IS	3802	1042	1042	0	0
IS	3803	993	993	0	0
IS	3804	972	972	0	0
IS	3805	952	952	0	0
IS	3806	963	962	1	0
IS	3807	989	987	2	0
IS	3808	1011	1011	0	0
IS	3809	964	964	0	0
IS	3810	1001	1001	0	0
IS	3811	1001	1001	0	0
IS	3812	1005	1005	0	0
IS	3813	995	994	1	0
IS	3814	953	953	0	0
IS	3815	959	959	0	0
IS	3816	955	955	0	0
IS	3817	981	981	0	0
IS	3818	1050	1050	0	0
IS	3819	948	948	0	0
IS	3820	962	962	0	0
IS	3821	980	980	0	0
IS	3822	987	987	0	0
IS	3823	986	986	0	0
IS	3824	983	983	0	0
IS	3825	1124	1123	1	0
IS	3826	1051	1051	0	0
IS	3827	1013	1013	0	0
IS	3828	949	949	0	0
IS	3829	1003	1003	0	0
IS	3830	1007	1007	0	0
IS	3831	979	979	0	0
IS	3832	966	966	0	0
IS	3833	988	988	0	0
IS	3834	978	977	1	0
IS	3835	1091	1091	0	0
IS	3836	1026	1025	1	0
IS	3837	1051	1051	0	0
IS	3838	1004	1004	0	0
IS	3839	985	985	0	0
IS	3840	991	991	0	0
IS	3841	999	999	0	0
IS	3842	998	998	0	0
IS	3843	997	997	0	0
IS	3844	942	941	1	0
IS	3845	1029	1029	0	0
IS	3846	1020	1019	1	0
IS	3847	985	984	1	0
IS	3848	1002	1002	0	0
IS	3849	1007	1007	0	0
IS	3850	943	942	1	0
IS	3851	983	982	1	0
IS	3852	1034	1033	1	0
IS	3853	1022	1022	0	0
IS	3854	949	949	0	0
IS	3855	973	973	0	0
IS	3856	979	978	1	0
IS	3857	974	974	0	0
IS	3858	996	996	0	0
IS	3859	1040	1040	0	0
IS	3860	956	956	0	0
IS	3861	997	997	0	0
IS	3862	1002	1002	0	0
IS	3863	987	987	0	0
IS	3864	940	940	0	0
IS	3865	1041	1039	2	0
IS	3866	1023	1023	0	0
IS	3867	981	981	0	0
IS	3868	1023	1023	0	0
IS	3869	1045	1045	0	0
IS	3870	1042	1042	0	0
IS	3871	1045	1045	0	0
IS	3872	954	954	0	0
IS	3873	997	997	0	0
IS	3874	1006	1005	1	0
IS	3875	1009	1009	0	0
IS	3876	1052	1052	0	0
IS	3877	1083	1083	0	0
IS	3878	956	956	0	0
IS	3879	967	967	0	0
IS	3880	1035	1035	0	0
IS	3881	967	967	0	0
IS	3882	1004	1004	0	0
IS	3883	961	960	1	0
IS	3884	1030	1030	0	0
IS	3885	1104	1104	0	0
IS	3886	1062	1062	0	0
IS	3887	1038	1038	0	0
IS	3888	999	999	0	0
IS	3889	969	969	0	0
IS	3890	987	986	1	0
IS	3891	1035	1035	0	0
IS	3892	988	988	0	0
IS	3893	1023	1023	0	0
IS	3894	968	968	0	0
IS	3895	946	946	0	0
IS	3896	1049	1048	1	0
IS	3897	985	985	0	0
IS	3898	982	982	0	0
IS	3899	1031	1031	0	0
IS	3900	998	998	0	0
IS	3901	960	960	0	0
IS	3902	967	967	0	0
IS	3903	946	946	0	0
IS	3904	1033	1033	0	0
IS	3905	1018	1018	0	0
IS	3906	970	970	0	0
IS	3907	993	993	0	0
IS	3908	1046	1046	0	0
IS	3909	1056	1056	0	0
IS	3910	1021	1020	1	0
IS	3911	1128	1128	0	0
IS	3912	990	989	1	0
IS	3913	1070	1070	0	0
IS	3914	1052	1052	0	0
IS	3915	954	954	0	0
IS	3916	1009	1009	0	0
IS	3917	978	978	0	0
IS	3918	965	965	0	0
IS	3919	992	992	0	0
IS	3920	1003	1003	0	0
IS	3921	932	931	1	0
IS	3922	965	965	0	0
IS	3923	1041	1040	1	0
IS	3924	994	994	0	0
IS	3925	974	974	0	0
IS	3926	974	974	0	0
IS	3927	1015	1015	0	0
IS	3928	949	949	0	0
IS	3929	956	953	3	0
IS	3930	981	980	1	0
IS	3931	968	967	1	0
IS	3932	1067	1066	1	0
IS	3933	976	976	0	0
IS	3934	960	960	0	0
IS	3935	1042	1042	0	0
IS	3936	909	909	0	0
IS	3937	1015	1015	0	0
IS	3938	936	936	0	0
IS	3939	978	978	0	0
IS	3940	956	956	0	0
IS	3941	942	941	1	0
IS	3942	960	960	0	0
IS	3943	983	983	0	0
IS	3944	976	976	0	0
IS	3945	926	925	1	0
IS	3946	968	967	1	0
IS	3947	972	972	0	0
IS	3948	1001	1001	0	0
IS	3949	945	945	0	0
IS	3950	907	906	1	0
IS	3951	1026	1026	0	0
IS	3952	1000	1000	0	0
IS	3953	1009	1009	0	0
IS	3954	1043	1042	1	0
IS	3955	962	962	0	0
IS	3956	1000	1000	0	0
IS	3957	922	922	0	0
IS	3958	948	948	0	0
IS	3959	923	923	0	0
IS	3960	871	871	0	0
IS	3961	1022	1022	0	0
IS	3962	974	974	0	0
IS	3963	891	891	0	0
IS	3964	865	865	0	0
IS	3965	936	935	1	0
IS	3966	892	892	0	0
IS	3967	943	943	0	0
IS	3968	991	991	0	0
IS	3969	952	952	0	0
IS	3970	923	923	0	0
IS	3971	896	895	1	0
IS	3972	917	917	0	0
IS	3973	881	881	0	0
IS	3974	873	873	0	0
IS	3975	972	972	0	0
IS	3976	872	872	0	0
IS	3977	967	967	0	0
IS	3978	898	898	0	0
IS	3979	987	986	1	0
IS	3980	907	907	0	0
IS	3981	850	850	0	0
IS	3982	873	872	1	0
IS	3983	964	964	0	0
IS	3984	923	923	0	0
IS	3985	883	883	0	0
IS	3986	919	919	0	0
IS	3987	1010	1010	0	0
IS	3988	955	955	0	0
IS	3989	965	965	0	0
IS	3990	932	932	0	0
IS	3991	880	880	0	0
IS	3992	911	911	0	0
IS	3993	889	889	0	0
IS	3994	916	916	0	0
IS	3995	871	871	0	0
IS	3996	925	925	0	0
IS	3997	943	943	0	0
IS	3998	854	854	0	0
IS	3999	935	935	0	0
IS	4000	903	903	0	0
IS	4001	888	888	0	0
IS	4002	926	926	0	0
IS	4003	829	829	0	0
IS	4004	965	965	0	0
IS	4005	938	938	0	0
IS	4006	989	989	0	0
IS	4007	873	873	0	0
IS	4008	960	960	0	0
IS	4009	927	927	0	0
IS	4010	893	893	0	0
IS	4011	1020	1020	0	0
IS	4012	965	964	1	0
IS	4013	919	919	0	0
IS	4014	943	942	1	0
IS	4015	865	865	0	0
IS	4016	889	889	0	0
IS	4017	923	923	0	0
IS	4018	904	903	1	0
IS	4019	898	898	0	0
IS	4020	851	851	0	0
IS	4021	869	869	0	0
IS	4022	842	842	0	0
IS	4023	879	879	0	0
IS	4024	881	881	0	0
IS	4025	869	869	0	0
IS	4026	918	918	0	0
IS	4027	886	884	2	0
IS	4028	895	895	0	0
IS	4029	919	919	0	0
IS	4030	912	912	0	0
IS	4031	895	895	0	0
IS	4032	888	888	0	0
IS	4033	843	843	0	0
IS	4034	916	916	0	0
IS	4035	914	914	0	0
IS	4036	893	893	0	0
IS	4037	891	891	0	0
IS	4038	931	931	0	0
IS	4039	822	822	0	0
IS	4040	907	907	0	0
IS	4041	945	945	0	0
IS	4042	871	870	1	0
IS	4043	945	945	0	0
IS	4044	899	899	0	0
IS	4045	868	868	0	0
IS	4046	906	905	1	0
IS	4047	907	907	0	0
IS	4048	947	947	0	0
IS	4049	833	833	0	0
IS	4050	967	966	1	0
IS	4051	877	877	0	0
IS	4052	837	837	0	0
IS	4053	857	857	0	0
IS	4054	852	852	0	0
IS	4055	864	864	0	0
IS	4056	854	854	0	0
IS	4057	858	858	0	0
IS	4058	881	881	0	0
IS	4059	910	910	0	0
IS	4060	876	876	0	0
IS	4061	810	809	1	0
IS	4062	884	884	0	0
IS	4063	895	895	0	0
IS	4064	884	884	0	0
IS	4065	832	831	1	0
IS	4066	828	828	0	0
IS	4067	833	833	0	0
IS	4068	890	889	1	0
IS	4069	882	881	1	0
IS	4070	879	879	0	0
IS	4071	925	925	0	0
IS	4072	895	895	0	0
IS	4073	830	829	1	0
IS	4074	873	873	0	0
IS	4075	885	885	0	0
IS	4076	894	894	0	0
IS	4077	871	871	0	0
IS	4078	843	843	0	0
IS	4079	807	807	0	0
IS	4080	903	903	0	0
IS	4081	874	874	0	0
IS	4082	892	892	0	0
IS	4083	851	851	0	0
IS	4084	851	851	0	0
IS	4085	850	850	0	0
IS	4086	922	922	0	0
IS	4087	831	831	0	0
IS	4088	873	873	0	0
IS	4089	875	875	0	0
IS	4090	848	848	0	0
IS	4091	910	909	1	0
IS	4092	872	872	0	0
IS	4093	855	854	1	0
IS	4094	888	888	0	0
IS	4095	822	821	1	0
IS	4096	816	816	0	0
IS	4097	831	831	0	0
IS	4098	835	835	0	0
IS	4099	865	865	0	0
IS	4100	907	907	0	0
IS	4101	821	821	0	0
IS	4102	826	826	0	0
IS	4103	895	895	0	0
IS	4104	865	865	0	0
IS	4105	869	869	0	0
IS	4106	888	888	0	0
IS	4107	850	850	0	0
IS	4108	792	792	0	0
IS	4109	813	813	0	0
IS	4110	813	813	0	0
IS	4111	841	841	0	0
IS	4112	796	796	0	0
IS	4113	811	811	0	0
IS	4114	872	871	1	0
IS	4115	819	819	0	0
IS	4116	848	848	0	0
IS	4117	845	845	0	0
IS	4118	833	832	1	0
IS	4119	849	849	0	0
IS	4120	838	838	0	0
IS	4121	863	863	0	0
IS	4122	807	807	0	0
IS	4123	869	869	0	0
IS	4124	831	831	0	0
IS	4125	791	791	0	0
IS	4126	864	864	0	0
IS	4127	816	816	0	0
IS	4128	823	823	0	0
IS	4129	842	842	0	0
IS	4130	837	837	0	0
IS	4131	851	851	0	0
IS	4132	793	793	0	0
IS	4133	893	893	0	0
IS	4134	834	834	0	0
IS	4135	797	797	0	0
IS	4136	849	849	0	0
IS	4137	735	735	0	0
IS	4138	819	819	0	0
IS	4139	844	844	0	0
IS	4140	813	813	0	0
IS	4141	871	870	1	0
IS	4142	833	833	0	0
IS	4143	765	764	1	0
IS	4144	859	859	0	0
IS	4145	827	827	0	0
IS	4146	745	745	0	0
IS	4147	794	794	0	0
IS	4148	835	835	0	0
IS	4149	864	864	0	0
IS	4150	862	862	0	0
IS	4151	849	849	0	0
IS	4152	787	787	0	0
IS	4153	779	779	0	0
IS	4154	754	753	1	0
IS	4155	775	774	1	0
IS	4156	818	818	0	0
IS	4157	842	841	1	0
IS	4158	807	807	0	0
IS	4159	777	777	0	0
IS	4160	752	752	0	0
IS	4161	765	765	0	0
IS	4162	763	762	1	0
IS	4163	789	789	0	0
IS	4164	784	782	2	0
IS	4165	760	760	0	0
IS	4166	815	815	0	0
IS	4167	785	785	0	0
IS	4168	832	832	0	0
IS	4169	824	824	0	0
IS	4170	798	798	0	0
IS	4171	831	831	0	0
IS	4172	830	830	0	0
IS	4173	800	800	0	0
IS	4174	775	775	0	0
IS	4175	790	790	0	0
IS	4176	774	774	0	0
IS	4177	846	846	0	0
IS	4178	799	799	0	0
IS	4179	783	783	0	0
IS	4180	833	833	0	0
IS	4181	761	761	0	0
IS	4182	809	809	0	0
IS	4183	777	777	0	0
IS	4184	794	794	0	0
IS	4185	770	770	0	0
IS	4186	798	798	0	0
IS	4187	751	751	0	0
IS	4188	790	790	0	0
IS	4189	772	771	1	0
IS	4190	854	854	0	0
IS	4191	809	809	0	0
IS	4192	769	769	0	0
IS	4193	820	820	0	0
IS	4194	823	823	0	0
IS	4195	859	859	0	0
IS	4196	778	778	0	0
IS	4197	810	809	1	0
IS	4198	771	771	0	0
IS	4199	747	747	0	0
IS	4200	699	699	0	0
IS	4201	746	746	0	0
IS	4202	739	739	0	0
IS	4203	780	780	0	0
IS	4204	813	813	0	0
IS	4205	763	763	0	0
IS	4206	813	813	0	0
IS	4207	837	837	0	0
IS	4208	800	800	0	0
IS	4209	775	775	0	0
IS	4210	792	792	0	0
IS	4211	805	805	0	0
IS	4212	797	797	0	0
IS	4213	768	768	0	0
IS	4214	787	787	0	0
IS	4215	755	755	0	0
IS	4216	808	807	1	0
IS	4217	819	819	0	0
IS	4218	792	792	0	0
IS	4219	780	780	0	0
IS	4220	805	805	0	0
IS	4221	779	779	0	0
IS	4222	738	738	0	0
IS	4223	784	782	2	0
IS	4224	812	812	0	0
IS	4225	819	819	0	0
IS	4226	753	752	1	0
IS	4227	787	787	0	0
IS	4228	827	827	0	0
IS	4229	819	819	0	0
IS	4230	777	776	1	0
IS	4231	875	875	0	0
IS	4232	797	797	0	0
IS	4233	782	782	0	0
IS	4234	829	828	1	0
IS	4235	809	809	0	0
IS	4236	820	820	0	0
IS	4237	784	783	1	0
IS	4238	758	758	0	0
IS	4239	778	778	0	0
IS	4240	812	812	0	0
IS	4241	801	801	0	0
IS	4242	774	773	1	0
IS	4243	813	813	0	0
IS	4244	816	815	1	0
IS	4245	801	800	1	0
IS	4246	829	829	0	0
IS	4247	789	788	1	0
IS	4248	674	674	0	0
IS	4249	798	798	0	0
IS	4250	806	806	0	0
IS	4251	813	813	0	0
IS	4252	836	836	0	0
IS	4253	820	819	1	0
IS	4254	760	760	0	0
IS	4255	776	776	0	0
IS	4256	846	846	0	0
IS	4257	821	821	0	0
IS	4258	796	796	0	0
IS	4259	862	862	0	0
IS	4260	813	813	0	0
IS	4261	859	859	0	0
IS	4262	873	873	0	0
IS	4263	795	795	0	0
IS	4264	807	806	1	0
IS	4265	854	853	1	0
IS	4266	838	837	1	0
IS	4267	796	796	0	0
IS	4268	819	819	0	0
IS	4269	842	842	0	0
IS	4270	858	857	1	0
IS	4271	819	819	0	0
IS	4272	843	843	0	0
IS	4273	808	808	0	0
IS	4274	875	875	0	0
IS	4275	837	837	0	0
IS	4276	853	853	0	0
IS	4277	849	849	0	0
IS	4278	881	881	0	0
IS	4279	838	838	0	0
IS	4280	859	859	0	0
IS	4281	842	842	0	0
IS	4282	865	863	2	0
IS	4283	873	872	1	0
IS	4284	791	791	0	0
IS	4285	853	853	0	0
IS	4286	873	872	1	0
IS	4287	858	857	1	0
IS	4288	838	838	0	0
IS	4289	811	811	0	0
IS	4290	866	866	0	0
IS	4291	847	847	0	0
IS	4292	849	849	0	0
IS	4293	831	831	0	0
IS	4294	879	878	1	0
IS	4295	867	866	1	0
IS	4296	852	852	0	0
IS	4297	927	927	0	0
IS	4298	834	834	0	0
IS	4299	844	844	0	0
IS	4300	862	862	0	0
IS	4301	835	834	1	0
IS	4302	872	872	0	0
IS	4303	851	851	0	0
IS	4304	869	869	0	0
IS	4305	849	849	0	0
IS	4306	832	832	0	0
IS	4307	870	870	0	0
IS	4308	806	806	0	0
IS	4309	913	913	0	0
IS	4310	769	769	0	0
IS	4311	871	871	0	0
IS	4312	853	853	0	0
IS	4313	854	854	0	0
IS	4314	797	797	0	0
IS	4315	855	855	0	0
IS	4316	797	797	0	0
IS	4317	830	830	0	0
IS	4318	844	844	0	0
IS	4319	862	862	0	0
IS	4320	833	833	0	0
IS	4321	871	870	1	0
IS	4322	872	871	1	0
IS	4323	842	842	0	0
IS	4324	801	801	0	0
IS	4325	794	794	0	0
IS	4326	802	802	0	0
IS	4327	846	846	0	0
IS	4328	851	851	0	0
IS	4329	791	791	0	0
IS	4330	814	814	0	0
IS	4331	798	798	0	0
IS	4332	805	805	0	0
IS	4333	826	826	0	0
IS	4334	776	775	1	0
IS	4335	750	750	0	0
IS	4336	782	782	0	0
IS	4337	771	771	0	0
IS	4338	775	775	0	0
IS	4339	771	771	0	0
IS	4340	783	783	0	0
IS	4341	805	805	0	0
IS	4342	856	856	0	0
IS	4343	870	870	0	0
IS	4344	856	856	0	0
IS	4345	844	844	0	0
IS	4346	796	796	0	0
IS	4347	812	812	0	0
IS	4348	774	774	0	0
IS	4349	830	830	0	0
IS	4350	810	810	0	0
IS	4351	762	761	1	0
IS	4352	751	751	0	0
IS	4353	794	794	0	0
IS	4354	776	776	0	0
IS	4355	776	776	0	0
IS	4356	805	805	0	0
IS	4357	776	776	0	0
IS	4358	827	826	1	0
IS	4359	818	818	0	0
IS	4360	798	798	0	0
IS	4361	790	790	0	0
IS	4362	756	756	0	0
IS	4363	810	810	0	0
IS	4364	796	796	0	0
IS	4365	791	791	0	0
IS	4366	750	750	0	0
IS	4367	772	772	0	0
IS	4368	813	813	0	0
IS	4369	785	785	0	0
IS	4370	721	721	0	0
IS	4371	768	768	0	0
IS	4372	825	825	0	0
IS	4373	722	722	0	0
IS	4374	779	779	0	0
IS	4375	791	791	0	0
IS	4376	776	775	1	0
IS	4377	796	796	0	0
IS	4378	777	777	0	0
IS	4379	785	785	0	0
IS	4380	814	814	0	0
IS	4381	826	824	2	0
IS	4382	791	791	0	0
IS	4383	801	801	0	0
IS	4384	797	797	0	0
IS	4385	821	821	0	0
IS	4386	779	779	0	0
IS	4387	789	789	0	0
IS	4388	766	766	0	0
IS	4389	800	800	0	0
IS	4390	763	763	0	0
IS	4391	821	821	0	0
IS	4392	776	776	0	0
IS	4393	795	795	0	0
IS	4394	835	835	0	0
IS	4395	832	832	0	0
IS	4396	765	764	1	0
IS	4397	782	780	2	0
IS	4398	789	789	0	0
IS	4399	830	830	0	0
IS	4400	779	778	1	0
IS	4401	781	781	0	0
IS	4402	805	804	1	0
IS	4403	773	773	0	0
IS	4404	833	833	0	0
IS	4405	843	843	0	0
IS	4406	852	851	1	0
IS	4407	829	829	0	0
IS	4408	884	884	0	0
IS	4409	811	811	0	0
IS	4410	794	794	0	0
IS	4411	819	819	0	0
IS	4412	747	747	0	0
IS	4413	817	817	0	0
IS	4414	810	809	1	0
IS	4415	764	763	1	0
IS	4416	763	763	0	0
IS	4417	826	826	0	0
IS	4418	763	763	0	0
IS	4419	781	781	0	0
IS	4420	835	835	0	0
IS	4421	802	802	0	0
IS	4422	836	835	1	0
IS	4423	802	802	0	0
IS	4424	795	795	0	0
IS	4425	863	863	0	0
IS	4426	792	792	0	0
IS	4427	811	811	0	0
IS	4428	815	815	0	0
IS	4429	808	808	0	0
IS	4430	779	779	0	0
IS	4431	722	722	0	0
IS	4432	764	764	0	0
IS	4433	819	819	0	0
IS	4434	763	763	0	0
IS	4435	766	766	0	0
IS	4436	846	846	0	0
IS	4437	791	791	0	0
IS	4438	803	803	0	0
IS	4439	773	773	0	0
IS	4440	818	818	0	0
IS	4441	753	753	0	0
IS	4442	783	783	0	0
IS	4443	778	778	0	0
IS	4444	856	856	0	0
IS	4445	805	805	0	0
IS	4446	815	815	0	0
IS	4447	737	737	0	0
IS	4448	775	775	0	0
IS	4449	818	818	0	0
IS	4450	790	790	0	0
IS	4451	764	764	0	0
IS	4452	766	765	1	0
IS	4453	830	830	0	0
IS	4454	758	758	0	0
IS	4455	758	758	0	0
IS	4456	792	792	0	0
IS	4457	792	791	1	0
IS	4458	764	764	0	0
IS	4459	773	772	1	0
IS	4460	819	819	0	0
IS	4461	811	811	0	0
IS	4462	813	812	1	0
IS	4463	731	731	0	0
IS	4464	765	765	0	0
IS	4465	808	808	0	0
IS	4466	782	782	0	0
IS	4467	769	769	0	0
IS	4468	792	792	0	0
IS	4469	853	853	0	0
IS	4470	814	813	1	0
IS	4471	750	750	0	0
IS	4472	806	806	0	0
IS	4473	744	744	0	0
IS	4474	762	762	0	0
IS	4475	781	781	0	0
IS	4476	823	823	0	0
IS	4477	788	788	0	0
IS	4478	766	766	0	0
IS	4479	741	741	0	0
IS	4480	783	783	0	0
IS	4481	748	748	0	0
IS	4482	719	719	0	0
IS	4483	817	817	0	0
IS	4484	706	706	0	0
IS	4485	771	771	0	0
IS	4486	764	764	0	0
IS	4487	757	757	0	0
IS	4488	794	794	0	0
IS	4489	805	805	0	0
IS	4490	803	803	0	0
IS	4491	857	857	0	0
IS	4492	744	744	0	0
IS	4493	751	751	0	0
IS	4494	750	750	0	0
IS	4495	761	761	0	0
IS	4496	773	773	0	0
IS	4497	803	802	1	0
IS	4498	764	764	0	0
IS	4499	735	735	0	0
IS	4500	740	740	0	0
IS	4501	758	758	0	0
IS	4502	777	777	0	0
IS	4503	823	823	0	0
IS	4504	805	805	0	0
IS	4505	777	777	0	0
IS	4506	777	777	0	0
IS	4507	812	812	0	0
IS	4508	866	866	0	0
IS	4509	779	779	0	0
IS	4510	760	760	0	0
IS	4511	785	785	0	0
IS	4512	790	790	0	0
IS	4513	779	779	0	0
IS	4514	816	816	0	0
IS	4515	875	875	0	0
IS	4516	876	876	0	0
IS	4517	754	754	0	0
IS	4518	796	796	0	0
IS	4519	799	799	0	0
IS	4520	820	820	0	0
IS	4521	814	814	0	0
IS	4522	783	783	0	0
IS	4523	779	779	0	0
IS	4524	780	779	1	0
IS	4525	768	768	0	0
IS	4526	740	740	0	0
IS	4527	786	786	0	0
IS	4528	798	798	0	0
IS	4529	784	784	0	0
IS	4530	789	789	0	0
IS	4531	770	770	0	0
IS	4532	756	756	0	0
IS	4533	814	814	0	0
IS	4534	762	762	0	0
IS	4535	743	743	0	0
IS	4536	827	827	0	0
IS	4537	790	790	0	0
IS	4538	842	842	0	0
IS	4539	846	845	1	0
IS	4540	729	729	0	0
IS	4541	800	800	0	0
IS	4542	732	732	0	0
IS	4543	764	764	0	0
IS	4544	807	807	0	0
IS	4545	766	766	0	0
IS	4546	758	758	0	0
IS	4547	761	761	0	0
IS	4548	803	803	0	0
IS	4549	818	818	0	0
IS	4550	758	758	0	0
IS	4551	749	749	0	0
IS	4552	804	804	0	0
IS	4553	772	772	0	0
IS	4554	727	727	0	0
IS	4555	786	786	0	0
IS	4556	742	740	2	0
IS	4557	761	760	1	0
IS	4558	778	778	0	0
IS	4559	798	798	0	0
IS	4560	770	770	0	0
IS	4561	708	708	0	0
IS	4562	815	815	0	0
IS	4563	796	795	1	0
IS	4564	774	774	0	0
IS	4565	737	737	0	0
IS	4566	789	789	0	0
IS	4567	787	787	0	0
IS	4568	784	783	1	0
IS	4569	778	778	0	0
IS	4570	734	734	0	0
IS	4571	771	771	0	0
IS	4572	787	787	0	0
IS	4573	693	693	0	0
IS	4574	774	774	0	0
IS	4575	717	717	0	0
IS	4576	801	800	1	0
IS	4577	735	735	0	0
IS	4578	713	713	0	0
IS	4579	763	763	0	0
IS	4580	771	770	1	0
IS	4581	711	711	0	0
IS	4582	740	740	0	0
IS	4583	758	758	0	0
IS	4584	796	796	0	0
IS	4585	821	821	0	0
IS	4586	730	730	0	0
IS	4587	796	796	0	0
IS	4588	802	802	0	0
IS	4589	809	809	0	0
IS	4590	774	774	0	0
IS	4591	761	761	0	0
IS	4592	792	792	0	0
IS	4593	766	766	0	0
IS	4594	737	737	0	0
IS	4595	710	710	0	0
IS	4596	769	769	0	0
IS	4597	769	769	0	0
IS	4598	717	717	0	0
IS	4599	801	801	0	0
IS	4600	737	737	0	0
IS	4601	758	757	1	0
IS	4602	767	767	0	0
IS	4603	773	773	0	0
IS	4604	740	740	0	0
IS	4605	720	720	0	0
IS	4606	798	798	0	0
IS	4607	721	721	0	0
IS	4608	810	810	0	0
IS	4609	711	711	0	0
IS	4610	799	799	0	0
IS	4611	805	805	0	0
IS	4612	825	825	0	0
IS	4613	803	803	0	0
IS	4614	784	784	0	0
IS	4615	776	776	0	0
IS	4616	789	789	0	0
IS	4617	759	758	1	0
IS	4618	782	782	0	0
IS	4619	734	734	0	0
IS	4620	788	788	0	0
IS	4621	748	748	0	0
IS	4622	709	709	0	0
IS	4623	785	784	1	0
IS	4624	711	711	0	0
IS	4625	748	748	0	0
IS	4626	806	806	0	0
IS	4627	764	764	0	0
IS	4628	742	742	0	0
IS	4629	748	748	0	0
IS	4630	746	746	0	0
IS	4631	812	811	1	0
IS	4632	762	762	0	0
IS	4633	786	786	0	0
IS	4634	753	752	1	0
IS	4635	766	766	0	0
IS	4636	736	736	0	0
IS	4637	797	797	0	0
IS	4638	745	745	0	0
IS	4639	804	803	1	0
IS	4640	863	863	0	0
IS	4641	765	764	1	0
IS	4642	818	818	0	0
IS	4643	770	770	0	0
IS	4644	815	815	0	0
IS	4645	733	733	0	0
IS	4646	773	773	0	0
IS	4647	780	780	0	0
IS	4648	778	778	0	0
IS	4649	758	758	0	0
IS	4650	808	808	0	0
IS	4651	777	777	0	0
IS	4652	822	822	0	0
IS	4653	810	810	0	0
IS	4654	780	780	0	0
IS	4655	732	732	0	0
IS	4656	778	778	0	0
IS	4657	761	761	0	0
IS	4658	769	769	0	0
IS	4659	763	763	0	0
IS	4660	796	796	0	0
IS	4661	825	825	0	0
IS	4662	796	796	0	0
IS	4663	777	777	0	0
IS	4664	857	857	0	0
IS	4665	788	788	0	0
IS	4666	801	801	0	0
IS	4667	819	819	0	0
IS	4668	751	751	0	0
IS	4669	796	796	0	0
IS	4670	792	792	0	0
IS	4671	770	770	0	0
IS	4672	764	764	0	0
IS	4673	718	718	0	0
IS	4674	735	735	0	0
IS	4675	786	786	0	0
IS	4676	714	713	1	0
IS	4677	737	737	0	0
IS	4678	755	755	0	0
IS	4679	699	699	0	0
IS	4680	806	806	0	0
IS	4681	764	764	0	0
IS	4682	726	725	1	0
IS	4683	727	727	0	0
IS	4684	763	763	0	0
IS	4685	757	757	0	0
IS	4686	708	708	0	0
IS	4687	788	788	0	0
IS	4688	764	764	0	0
IS	4689	751	751	0	0
IS	4690	747	747	0	0
IS	4691	749	749	0	0
IS	4692	777	777	0	0
IS	4693	785	785	0	0
IS	4694	684	684	0	0
IS	4695	738	738	0	0
IS	4696	792	792	0	0
IS	4697	742	742	0	0
IS	4698	757	757	0	0
IS	4699	768	768	0	0
IS	4700	754	754	0	0
IS	4701	752	752	0	0
IS	4702	743	743	0	0
IS	4703	749	749	0	0
IS	4704	742	742	0	0
IS	4705	732	732	0	0
IS	4706	736	736	0	0
IS	4707	751	750	1	0
IS	4708	756	756	0	0
IS	4709	717	717	0	0
IS	4710	629	629	0	0
IS	4711	743	743	0	0
IS	4712	783	783	0	0
IS	4713	701	701	0	0
IS	4714	754	754	0	0
IS	4715	761	761	0	0
IS	4716	759	759	0	0
IS	4717	775	775	0	0
IS	4718	684	684	0	0
IS	4719	711	711	0	0
IS	4720	746	746	0	0
IS	4721	773	773	0	0
IS	4722	758	758	0	0
IS	4723	723	723	0	0
IS	4724	758	758	0	0
IS	4725	745	745	0	0
IS	4726	735	735	0	0
IS	4727	745	745	0	0
IS	4728	745	745	0	0
IS	4729	684	684	0	0
IS	4730	732	732	0	0
IS	4731	654	654	0	0
IS	4732	707	707	0	0
IS	4733	700	700	0	0
IS	4734	673	673	0	0
IS	4735	699	699	0	0
IS	4736	709	709	0	0
IS	4737	703	703	0	0
IS	4738	709	709	0	0
IS	4739	744	744	0	0
IS	4740	742	742	0	0
IS	4741	719	719	0	0
IS	4742	736	736	0	0
IS	4743	756	756	0	0
IS	4744	749	749	0	0
IS	4745	670	670	0	0
IS	4746	716	716	0	0
IS	4747	738	738	0	0
IS	4748	741	741	0	0
IS	4749	743	743	0	0
IS	4750	669	669	0	0
IS	4751	666	666	0	0
IS	4752	695	695	0	0
IS	4753	721	721	0	0
IS	4754	700	700	0	0
IS	4755	742	742	0	0
IS	4756	781	781	0	0
IS	4757	763	763	0	0
IS	4758	727	727	0	0
IS	4759	705	705	0	0
IS	4760	727	727	0	0
IS	4761	689	689	0	0
IS	4762	692	690	2	0
IS	4763	781	781	0	0
IS	4764	779	779	0	0
IS	4765	695	695	0	0
IS	4766	684	684	0	0
IS	4767	731	731	0	0
IS	4768	658	658	0	0
IS	4769	685	684	1	0
IS	4770	707	707	0	0
IS	4771	695	695	0	0
IS	4772	684	684	0	0
IS	4773	682	682	0	0
IS	4774	729	729	0	0
IS	4775	738	738	0	0
IS	4776	741	741	0	0
IS	4777	654	654	0	0
IS	4778	672	672	0	0
IS	4779	692	692	0	0
IS	4780	651	651	0	0
IS	4781	757	757	0	0
IS	4782	725	725	0	0
IS	4783	696	696	0	0
IS	4784	714	714	0	0
IS	4785	747	747	0	0
IS	4786	747	747	0	0
IS	4787	731	731	0	0
IS	4788	706	705	1	0
IS	4789	723	723	0	0
IS	4790	644	644	0	0
IS	4791	735	733	2	0
IS	4792	752	751	1	0
IS	4793	718	718	0	0
IS	4794	717	717	0	0
IS	4795	748	748	0	0
IS	4796	671	671	0	0
IS	4797	673	673	0	0
IS	4798	718	718	0	0
IS	4799	716	716	0	0
IS	4800	726	726	0	0
IS	4801	741	741	0	0
IS	4802	730	730	0	0
IS	4803	711	711	0	0
IS	4804	660	660	0	0
IS	4805	706	706	0	0
IS	4806	687	687	0	0
IS	4807	692	692	0	0
IS	4808	720	720	0	0
IS	4809	699	699	0	0
IS	4810	724	724	0	0
IS	4811	734	734	0	0
IS	4812	698	698	0	0
IS	4813	712	712	0	0
IS	4814	733	733	0	0
IS	4815	689	689	0	0
IS	4816	751	751	0	0
IS	4817	736	736	0	0
IS	4818	712	712	0	0
IS	4819	726	726	0	0
IS	4820	731	731	0	0
IS	4821	730	730	0	0
IS	4822	692	692	0	0
IS	4823	724	723	1	0
IS	4824	710	710	0	0
IS	4825	691	691	0	0
IS	4826	652	652	0	0
IS	4827	689	689	0	0
IS	4828	664	664	0	0
IS	4829	650	650	0	0
IS	4830	727	727	0	0
IS	4831	685	685	0	0
IS	4832	651	651	0	0
IS	4833	675	675	0	0
IS	4834	634	634	0	0
IS	4835	734	734	0	0
IS	4836	677	677	0	0
IS	4837	661	661	0	0
IS	4838	610	610	0	0
IS	4839	668	668	0	0
IS	4840	683	683	0	0
IS	4841	672	672	0	0
IS	4842	742	742	0	0
IS	4843	716	716	0	0
IS	4844	653	653	0	0
IS	4845	655	655	0	0
IS	4846	649	649	0	0
IS	4847	687	687	0	0
IS	4848	705	705	0	0
IS	4849	686	686	0	0
IS	4850	707	707	0	0
IS	4851	670	669	1	0
IS	4852	681	681	0	0
IS	4853	629	629	0	0
IS	4854	664	664	0	0
IS	4855	702	702	0	0
IS	4856	669	669	0	0
IS	4857	674	674	0	0
IS	4858	649	649	0	0
IS	4859	675	675	0	0
IS	4860	665	663	2	0
IS	4861	644	644	0	0
IS	4862	682	682	0	0
IS	4863	710	710	0	0
IS	4864	653	653	0	0
IS	4865	658	658	0	0
IS	4866	665	665	0	0
IS	4867	684	683	1	0
IS	4868	683	683	0	0
IS	4869	699	699	0	0
IS	4870	626	626	0	0
IS	4871	639	639	0	0
IS	4872	672	672	0	0
IS	4873	663	663	0	0
IS	4874	713	713	0	0
IS	4875	675	675	0	0
IS	4876	634	634	0	0
IS	4877	683	683	0	0
IS	4878	632	632	0	0
IS	4879	673	673	0	0
IS	4880	617	617	0	0
IS	4881	709	709	0	0
IS	4882	638	638	0	0
IS	4883	650	650	0	0
IS	4884	690	690	0	0
IS	4885	598	598	0	0
IS	4886	675	675	0	0
IS	4887	647	647	0	0
IS	4888	622	622	0	0
IS	4889	664	664	0	0
IS	4890	560	560	0	0
IS	4891	621	621	0	0
IS	4892	616	616	0	0
IS	4893	597	597	0	0
IS	4894	573	573	0	0
IS	4895	579	579	0	0
IS	4896	613	613	0	0
IS	4897	625	625	0	0
IS	4898	639	639	0	0
IS	4899	600	600	0	0
IS	4900	605	604	1	0
IS	4901	633	633	0	0
IS	4902	602	602	0	0
IS	4903	590	590	0	0
IS	4904	638	638	0	0
IS	4905	624	624	0	0
IS	4906	660	660	0	0
IS	4907	672	671	1	0
IS	4908	601	601	0	0
IS	4909	630	630	0	0
IS	4910	575	574	1	0
IS	4911	587	587	0	0
IS	4912	581	581	0	0
IS	4913	608	608	0	0
IS	4914	591	591	0	0
IS	4915	589	589	0	0
IS	4916	622	622	0	0
IS	4917	589	589	0	0
IS	4918	664	664	0	0
IS	4919	641	641	0	0
IS	4920	597	597	0	0
IS	4921	586	586	0	0
IS	4922	612	612	0	0
IS	4923	622	622	0	0
IS	4924	587	587	0	0
IS	4925	618	618	0	0
IS	4926	581	581	0	0
IS	4927	641	641	0	0
IS	4928	612	612	0	0
IS	4929	586	586	0	0
IS	4930	547	547	0	0
IS	4931	583	583	0	0
IS	4932	654	654	0	0
IS	4933	538	538	0	0
IS	4934	570	570	0	0
IS	4935	518	518	0	0
IS	4936	590	590	0	0
IS	4937	595	595	0	0
IS	4938	542	541	1	0
IS	4939	557	557	0	0
IS	4940	581	580	1	0
IS	4941	613	613	0	0
IS	4942	567	567	0	0
IS	4943	596	595	1	0
IS	4944	640	639	1	0
IS	4945	544	544	0	0
IS	4946	577	577	0	0
IS	4947	622	622	0	0
IS	4948	585	584	1	0
IS	4949	587	586	1	0
IS	4950	604	604	0	0
IS	4951	605	605	0	0
IS	4952	580	579	1	0
IS	4953	592	592	0	0
IS	4954	582	582	0	0
IS	4955	599	599	0	0
IS	4956	616	616	0	0
IS	4957	606	606	0	0
IS	4958	543	543	0	0
IS	4959	609	609	0	0
IS	4960	607	607	0	0
IS	4961	592	592	0	0
IS	4962	533	533	0	0
IS	4963	604	604	0	0
IS	4964	560	559	1	0
IS	4965	581	580	1	0
IS	4966	605	604	1	0
IS	4967	623	623	0	0
IS	4968	608	607	1	0
IS	4969	622	622	0	0
IS	4970	596	596	0	0
IS	4971	610	609	1	0
IS	4972	562	562	0	0
IS	4973	550	550	0	0
IS	4974	592	592	0	0
IS	4975	632	632	0	0
IS	4976	597	597	0	0
IS	4977	593	593	0	0
IS	4978	625	625	0	0
IS	4979	551	551	0	0
IS	4980	636	636	0	0
IS	4981	650	650	0	0
IS	4982	564	564	0	0
IS	4983	591	591	0	0
IS	4984	562	562	0	0
IS	4985	593	593	0	0
IS	4986	617	617	0	0
IS	4987	569	569	0	0
IS	4988	637	637	0	0
IS	4989	583	583	0	0
IS	4990	611	611	0	0
IS	4991	596	596	0	0
IS	4992	587	587	0	0
IS	4993	631	631	0	0
IS	4994	605	605	0	0
IS	4995	572	572	0	0
IS	4996	639	639	0	0
IS	4997	610	610	0	0
IS	4998	625	625	0	0
IS	4999	586	586	0	0
IS	5000	649	649	0	0
IS	5001	649	649	0	0
IS	5002	614	614	0	0
IS	5003	647	647	0	0
IS	5004	616	615	1	0
IS	5005	573	573	0	0
IS	5006	646	646	0	0
IS	5007	587	587	0	0
IS	5008	667	667	0	0
IS	5009	679	679	0	0
IS	5010	601	601	0	0
IS	5011	631	631	0	0
IS	5012	645	645	0	0
IS	5013	618	618	0	0
IS	5014	658	658	0	0
IS	5015	597	597	0	0
IS	5016	631	631	0	0
IS	5017	617	617	0	0
IS	5018	642	642	0	0
IS	5019	650	650	0	0
IS	5020	549	549	0	0
IS	5021	651	651	0	0
IS	5022	652	652	0	0
IS	5023	649	649	0	0
IS	5024	638	638	0	0
IS	5025	600	600	0	0
IS	5026	606	606	0	0
IS	5027	622	622	0	0
IS	5028	574	574	0	0
IS	5029	598	598	0	0
IS	5030	615	615	0	0
IS	5031	612	612	0	0
IS	5032	622	622	0	0
IS	5033	633	633	0	0
IS	5034	591	591	0	0
IS	5035	571	571	0	0
IS	5036	578	578	0	0
IS	5037	585	585	0	0
IS	5038	601	601	0	0
IS	5039	568	568	0	0
IS	5040	656	656	0	0
IS	5041	654	654	0	0
IS	5042	623	623	0	0
IS	5043	631	631	0	0
IS	5044	564	564	0	0
IS	5045	606	606	0	0
IS	5046	655	655	0	0
IS	5047	575	574	1	0
IS	5048	570	570	0	0
IS	5049	629	629	0	0
IS	5050	600	600	0	0
IS	5051	643	643	0	0
IS	5052	599	599	0	0
IS	5053	589	589	0	0
IS	5054	606	606	0	0
IS	5055	610	609	1	0
IS	5056	606	606	0	0
IS	5057	618	618	0	0
IS	5058	574	574	0	0
IS	5059	625	624	1	0
IS	5060	624	624	0	0
IS	5061	659	659	0	0
IS	5062	651	651	0	0
IS	5063	609	609	0	0
IS	5064	569	569	0	0
IS	5065	572	572	0	0
IS	5066	600	600	0	0
IS	5067	616	616	0	0
IS	5068	657	657	0	0
IS	5069	571	571	0	0
IS	5070	630	630	0	0
IS	5071	624	624	0	0
IS	5072	631	631	0	0
IS	5073	626	626	0	0
IS	5074	644	644	0	0
IS	5075	586	586	0	0
IS	5076	659	659	0	0
IS	5077	617	617	0	0
IS	5078	634	633	1	0
IS	5079	575	575	0	0
IS	5080	622	622	0	0
IS	5081	615	615	0	0
IS	5082	627	627	0	0
IS	5083	608	608	0	0
IS	5084	653	652	1	0
IS	5085	571	571	0	0
IS	5086	603	603	0	0
IS	5087	609	609	0	0
IS	5088	599	599	0	0
IS	5089	670	669	1	0
IS	5090	642	642	0	0
IS	5091	588	587	1	0
IS	5092	598	598	0	0
IS	5093	603	603	0	0
IS	5094	634	634	0	0
IS	5095	636	636	0	0
IS	5096	628	628	0	0
IS	5097	573	573	0	0
IS	5098	578	578	0	0
IS	5099	599	599	0	0
IS	5100	590	590	0	0
IS	5101	619	618	1	0
IS	5102	660	660	0	0
IS	5103	613	613	0	0
IS	5104	584	584	0	0
IS	5105	562	562	0	0
IS	5106	606	606	0	0
IS	5107	555	555	0	0
IS	5108	580	580	0	0
IS	5109	565	565	0	0
IS	5110	560	560	0	0
IS	5111	586	586	0	0
IS	5112	565	565	0	0
IS	5113	627	627	0	0
IS	5114	663	663	0	0
IS	5115	650	650	0	0
IS	5116	611	611	0	0
IS	5117	650	650	0	0
IS	5118	610	610	0	0
IS	5119	567	567	0	0
IS	5120	665	664	1	0
IS	5121	649	649	0	0
IS	5122	585	585	0	0
IS	5123	576	576	0	0
IS	5124	613	613	0	0
IS	5125	663	663	0	0
IS	5126	570	570	0	0
IS	5127	581	581	0	0
IS	5128	581	581	0	0
IS	5129	608	608	0	0
IS	5130	593	593	0	0
IS	5131	554	553	1	0
IS	5132	554	554	0	0
IS	5133	600	600	0	0
IS	5134	600	600	0	0
IS	5135	588	588	0	0
IS	5136	649	649	0	0
IS	5137	630	630	0	0
IS	5138	640	640	0	0
IS	5139	596	596	0	0
IS	5140	592	592	0	0
IS	5141	616	616	0	0
IS	5142	589	589	0	0
IS	5143	660	660	0	0
IS	5144	606	606	0	0
IS	5145	611	611	0	0
IS	5146	636	636	0	0
IS	5147	640	640	0	0
IS	5148	579	579	0	0
IS	5149	587	587	0	0
IS	5150	614	614	0	0
IS	5151	655	654	1	0
IS	5152	666	666	0	0
IS	5153	634	634	0	0
IS	5154	625	625	0	0
IS	5155	640	640	0	0
IS	5156	633	633	0	0
IS	5157	644	644	0	0
IS	5158	598	598	0	0
IS	5159	643	643	0	0
IS	5160	658	658	0	0
IS	5161	608	608	0	0
IS	5162	598	598	0	0
IS	5163	612	612	0	0
IS	5164	645	645	0	0
IS	5165	590	589	1	0
IS	5166	630	630	0	0
IS	5167	632	632	0	0
IS	5168	633	633	0	0
IS	5169	650	650	0	0
IS	5170	696	696	0	0
IS	5171	659	659	0	0
IS	5172	607	607	0	0
IS	5173	587	587	0	0
IS	5174	628	628	0	0
IS	5175	686	686	0	0
IS	5176	661	661	0	0
IS	5177	639	639	0	0
IS	5178	683	683	0	0
IS	5179	617	617	0	0
IS	5180	647	647	0	0
IS	5181	624	623	1	0
IS	5182	590	590	0	0
IS	5183	612	612	0	0
IS	5184	632	630	2	0
IS	5185	620	620	0	0
IS	5186	638	638	0	0
IS	5187	629	629	0	0
IS	5188	653	653	0	0
IS	5189	633	633	0	0
IS	5190	660	660	0	0
IS	5191	598	597	1	0
IS	5192	601	601	0	0
IS	5193	627	627	0	0
IS	5194	641	641	0	0
IS	5195	621	621	0	0
IS	5196	621	621	0	0
IS	5197	642	642	0	0
IS	5198	643	643	0	0
IS	5199	609	609	0	0
IS	5200	695	695	0	0
IS	5201	616	616	0	0
IS	5202	607	606	1	0
IS	5203	621	621	0	0
IS	5204	578	578	0	0
IS	5205	684	684	0	0
IS	5206	630	630	0	0
IS	5207	637	637	0	0
IS	5208	645	645	0	0
IS	5209	625	625	0	0
IS	5210	652	652	0	0
IS	5211	639	639	0	0
IS	5212	655	655	0	0
IS	5213	619	619	0	0
IS	5214	582	582	0	0
IS	5215	637	637	0	0
IS	5216	635	635	0	0
IS	5217	544	544	0	0
IS	5218	648	648	0	0
IS	5219	634	634	0	0
IS	5220	628	627	1	0
IS	5221	638	638	0	0
IS	5222	634	634	0	0
IS	5223	611	611	0	0
IS	5224	606	606	0	0
IS	5225	602	602	0	0
IS	5226	590	590	0	0
IS	5227	609	609	0	0
IS	5228	593	592	1	0
IS	5229	658	658	0	0
IS	5230	628	628	0	0
IS	5231	603	603	0	0
IS	5232	603	603	0	0
IS	5233	631	631	0	0
IS	5234	553	553	0	0
IS	5235	557	557	0	0
IS	5236	592	592	0	0
IS	5237	614	614	0	0
IS	5238	598	598	0	0
IS	5239	588	588	0	0
IS	5240	563	563	0	0
IS	5241	632	632	0	0
IS	5242	579	579	0	0
IS	5243	652	652	0	0
IS	5244	608	608	0	0
IS	5245	598	598	0	0
IS	5246	588	588	0	0
IS	5247	604	604	0	0
IS	5248	613	613	0	0
IS	5249	618	618	0	0
IS	5250	624	624	0	0
IS	5251	619	619	0	0
IS	5252	575	575	0	0
IS	5253	595	595	0	0
IS	5254	589	589	0	0
IS	5255	589	589	0	0
IS	5256	583	583	0	0
IS	5257	589	589	0	0
IS	5258	607	607	0	0
IS	5259	619	619	0	0
IS	5260	570	570	0	0
IS	5261	559	559	0	0
IS	5262	548	548	0	0
IS	5263	616	615	1	0
IS	5264	581	581	0	0
IS	5265	622	622	0	0
IS	5266	622	622	0	0
IS	5267	552	552	0	0
IS	5268	617	617	0	0
IS	5269	547	547	0	0
IS	5270	581	581	0	0
IS	5271	608	608	0	0
IS	5272	618	618	0	0
IS	5273	559	559	0	0
IS	5274	583	583	0	0
IS	5275	571	570	1	0
IS	5276	594	594	0	0
IS	5277	566	566	0	0
IS	5278	552	551	1	0
IS	5279	587	587	0	0
IS	5280	591	591	0	0
IS	5281	562	562	0	0
IS	5282	576	576	0	0
IS	5283	615	615	0	0
IS	5284	572	572	0	0
IS	5285	614	614	0	0
IS	5286	557	557	0	0
IS	5287	542	542	0	0
IS	5288	550	550	0	0
IS	5289	590	590	0	0
IS	5290	588	588	0	0
IS	5291	573	573	0	0
IS	5292	543	543	0	0
IS	5293	572	572	0	0
IS	5294	575	575	0	0
IS	5295	559	559	0	0
IS	5296	593	593	0	0
IS	5297	632	632	0	0
IS	5298	585	584	1	0
IS	5299	538	538	0	0
IS	5300	560	560	0	0
IS	5301	637	637	0	0
IS	5302	571	571	0	0
IS	5303	614	614	0	0
IS	5304	580	580	0	0
IS	5305	562	562	0	0
IS	5306	571	571	0	0
IS	5307	518	518	0	0
IS	5308	562	562	0	0
IS	5309	574	574	0	0
IS	5310	650	650	0	0
IS	5311	569	569	0	0
IS	5312	568	568	0	0
IS	5313	602	602	0	0
IS	5314	553	553	0	0
IS	5315	526	526	0	0
IS	5316	547	547	0	0
IS	5317	578	578	0	0
IS	5318	591	591	0	0
IS	5319	568	568	0	0
IS	5320	573	573	0	0
IS	5321	512	512	0	0
IS	5322	546	546	0	0
IS	5323	571	571	0	0
IS	5324	561	561	0	0
IS	5325	538	538	0	0
IS	5326	530	530	0	0
IS	5327	631	631	0	0
IS	5328	588	588	0	0
IS	5329	608	608	0	0
IS	5330	543	543	0	0
IS	5331	557	556	1	0
IS	5332	580	580	0	0
IS	5333	535	535	0	0
IS	5334	596	596	0	0
IS	5335	542	542	0	0
IS	5336	588	588	0	0
IS	5337	586	586	0	0
IS	5338	594	594	0	0
IS	5339	607	607	0	0
IS	5340	594	594	0	0
IS	5341	555	555	0	0
IS	5342	534	534	0	0
IS	5343	578	578	0	0
IS	5344	563	563	0	0
IS	5345	578	578	0	0
IS	5346	628	627	1	0
IS	5347	596	596	0	0
IS	5348	538	538	0	0
IS	5349	589	589	0	0
IS	5350	610	610	0	0
IS	5351	574	574	0	0
IS	5352	537	537	0	0
IS	5353	591	591	0	0
IS	5354	587	587	0	0
IS	5355	613	613	0	0
IS	5356	586	586	0	0
IS	5357	594	594	0	0
IS	5358	552	552	0	0
IS	5359	536	536	0	0
IS	5360	584	584	0	0
IS	5361	546	546	0	0
IS	5362	561	561	0	0
IS	5363	533	533	0	0
IS	5364	536	536	0	0
IS	5365	547	547	0	0
IS	5366	534	534	0	0
IS	5367	567	567	0	0
IS	5368	528	528	0	0
IS	5369	585	585	0	0
IS	5370	566	566	0	0
IS	5371	595	595	0	0
IS	5372	541	541	0	0
IS	5373	539	539	0	0
IS	5374	606	606	0	0
IS	5375	532	532	0	0
IS	5376	595	595	0	0
IS	5377	602	602	0	0
IS	5378	530	530	0	0
IS	5379	581	581	0	0
IS	5380	544	544	0	0
IS	5381	524	524	0	0
IS	5382	578	578	0	0
IS	5383	573	573	0	0
IS	5384	583	583	0	0
IS	5385	616	616	0	0
IS	5386	515	515	0	0
IS	5387	550	550	0	0
IS	5388	531	531	0	0
IS	5389	574	574	0	0
IS	5390	564	564	0	0
IS	5391	622	622	0	0
IS	5392	495	495	0	0
IS	5393	547	547	0	0
IS	5394	567	567	0	0
IS	5395	571	571	0	0
IS	5396	568	568	0	0
IS	5397	504	504	0	0
IS	5398	587	587	0	0
IS	5399	595	595	0	0
IS	5400	556	556	0	0
IS	5401	557	557	0	0
IS	5402	550	550	0	0
IS	5403	602	602	0	0
IS	5404	576	576	0	0
IS	5405	611	611	0	0
IS	5406	564	564	0	0
IS	5407	538	538	0	0
IS	5408	578	578	0	0
IS	5409	538	538	0	0
IS	5410	570	570	0	0
IS	5411	533	533	0	0
IS	5412	557	557	0	0
IS	5413	555	555	0	0
IS	5414	560	560	0	0
IS	5415	610	610	0	0
IS	5416	607	607	0	0
IS	5417	578	578	0	0
IS	5418	572	572	0	0
IS	5419	505	505	0	0
IS	5420	547	547	0	0
IS	5421	559	559	0	0
IS	5422	599	599	0	0
IS	5423	575	575	0	0
IS	5424	570	570	0	0
IS	5425	539	539	0	0
IS	5426	581	581	0	0
IS	5427	545	545	0	0
IS	5428	596	596	0	0
IS	5429	570	570	0	0
IS	5430	553	553	0	0
IS	5431	556	556	0	0
IS	5432	559	559	0	0
IS	5433	570	570	0	0
IS	5434	587	587	0	0
IS	5435	491	491	0	0
IS	5436	548	548	0	0
IS	5437	569	569	0	0
IS	5438	560	560	0	0
IS	5439	577	577	0	0
IS	5440	580	579	1	0
IS	5441	535	535	0	0
IS	5442	550	550	0	0
IS	5443	581	581	0	0
IS	5444	525	525	0	0
IS	5445	522	522	0	0
IS	5446	554	554	0	0
IS	5447	544	544	0	0
IS	5448	577	577	0	0
IS	5449	551	551	0	0
IS	5450	515	515	0	0
IS	5451	563	563	0	0
IS	5452	552	552	0	0
IS	5453	562	562	0	0
IS	5454	525	525	0	0
IS	5455	555	555	0	0
IS	5456	538	538	0	0
IS	5457	631	631	0	0
IS	5458	526	525	1	0
IS	5459	568	568	0	0
IS	5460	557	557	0	0
IS	5461	594	594	0	0
IS	5462	583	583	0	0
IS	5463	512	512	0	0
IS	5464	554	554	0	0
IS	5465	515	515	0	0
IS	5466	535	535	0	0
IS	5467	577	576	1	0
IS	5468	536	536	0	0
IS	5469	558	558	0	0
IS	5470	517	517	0	0
IS	5471	562	562	0	0
IS	5472	492	492	0	0
IS	5473	528	528	0	0
IS	5474	529	529	0	0
IS	5475	516	516	0	0
IS	5476	599	599	0	0
IS	5477	514	514	0	0
IS	5478	575	575	0	0
IS	5479	497	497	0	0
IS	5480	545	545	0	0
IS	5481	575	575	0	0
IS	5482	501	499	2	0
IS	5483	526	526	0	0
IS	5484	559	559	0	0
IS	5485	560	559	1	0
IS	5486	547	547	0	0
IS	5487	578	578	0	0
IS	5488	557	557	0	0
IS	5489	525	525	0	0
IS	5490	496	496	0	0
IS	5491	513	513	0	0
IS	5492	512	512	0	0
IS	5493	526	526	0	0
IS	5494	510	510	0	0
IS	5495	488	488	0	0
IS	5496	560	560	0	0
IS	5497	481	481	0	0
IS	5498	506	506	0	0
IS	5499	527	527	0	0
IS	5500	533	533	0	0
IS	5501	580	580	0	0
IS	5502	526	526	0	0
IS	5503	533	533	0	0
IS	5504	540	540	0	0
IS	5505	540	540	0	0
IS	5506	502	502	0	0
IS	5507	532	532	0	0
IS	5508	470	469	1	0
IS	5509	525	525	0	0
IS	5510	506	505	1	0
IS	5511	512	512	0	0
IS	5512	508	508	0	0
IS	5513	605	605	0	0
IS	5514	604	604	0	0
IS	5515	545	545	0	0
IS	5516	549	549	0	0
IS	5517	516	516	0	0
IS	5518	509	509	0	0
IS	5519	560	560	0	0
IS	5520	516	516	0	0
IS	5521	516	516	0	0
IS	5522	506	506	0	0
IS	5523	511	511	0	0
IS	5524	555	554	1	0
IS	5525	510	510	0	0
IS	5526	528	528	0	0
IS	5527	545	545	0	0
IS	5528	472	472	0	0
IS	5529	500	500	0	0
IS	5530	503	503	0	0
IS	5531	538	538	0	0
IS	5532	492	492	0	0
IS	5533	553	553	0	0
IS	5534	504	504	0	0
IS	5535	541	541	0	0
IS	5536	487	487	0	0
IS	5537	491	491	0	0
IS	5538	510	510	0	0
IS	5539	494	494	0	0
IS	5540	550	550	0	0
IS	5541	538	536	2	0
IS	5542	526	526	0	0
IS	5543	519	519	0	0
IS	5544	479	479	0	0
IS	5545	498	498	0	0
IS	5546	512	512	0	0
IS	5547	515	515	0	0
IS	5548	541	541	0	0
IS	5549	542	542	0	0
IS	5550	565	565	0	0
IS	5551	537	537	0	0
IS	5552	523	523	0	0
IS	5553	524	524	0	0
IS	5554	457	457	0	0
IS	5555	530	530	0	0
IS	5556	484	484	0	0
IS	5557	530	530	0	0
IS	5558	512	512	0	0
IS	5559	473	473	0	0
IS	5560	537	537	0	0
IS	5561	536	536	0	0
IS	5562	547	547	0	0
IS	5563	473	473	0	0
IS	5564	456	456	0	0
IS	5565	463	463	0	0
IS	5566	481	481	0	0
IS	5567	553	553	0	0
IS	5568	571	571	0	0
IS	5569	570	570	0	0
IS	5570	476	476	0	0
IS	5571	505	505	0	0
IS	5572	520	520	0	0
IS	5573	491	491	0	0
IS	5574	485	485	0	0
IS	5575	531	531	0	0
IS	5576	512	512	0	0
IS	5577	500	500	0	0
IS	5578	507	507	0	0
IS	5579	465	465	0	0
IS	5580	532	532	0	0
IS	5581	520	520	0	0
IS	5582	517	517	0	0
IS	5583	549	549	0	0
IS	5584	496	495	1	0
IS	5585	503	503	0	0
IS	5586	509	509	0	0
IS	5587	476	476	0	0
IS	5588	456	456	0	0
IS	5589	531	531	0	0
IS	5590	527	527	0	0
IS	5591	493	492	1	0
IS	5592	463	462	1	0
IS	5593	481	481	0	0
IS	5594	488	488	0	0
IS	5595	512	512	0	0
IS	5596	500	500	0	0
IS	5597	526	526	0	0
IS	5598	486	486	0	0
IS	5599	494	494	0	0
IS	5600	461	461	0	0
IS	5601	521	521	0	0
IS	5602	511	511	0	0
IS	5603	528	528	0	0
IS	5604	521	521	0	0
IS	5605	484	484	0	0
IS	5606	506	506	0	0
IS	5607	486	486	0	0
IS	5608	469	469	0	0
IS	5609	470	470	0	0
IS	5610	447	447	0	0
IS	5611	494	494	0	0
IS	5612	493	493	0	0
IS	5613	502	502	0	0
IS	5614	468	468	0	0
IS	5615	487	486	1	0
IS	5616	496	496	0	0
IS	5617	513	513	0	0
IS	5618	499	499	0	0
IS	5619	508	508	0	0
IS	5620	443	443	0	0
IS	5621	492	492	0	0
IS	5622	513	513	0	0
IS	5623	503	503	0	0
IS	5624	502	501	1	0
IS	5625	498	498	0	0
IS	5626	527	527	0	0
IS	5627	480	480	0	0
IS	5628	493	493	0	0
IS	5629	476	476	0	0
IS	5630	502	502	0	0
IS	5631	452	452	0	0
IS	5632	488	488	0	0
IS	5633	519	519	0	0
IS	5634	520	519	1	0
IS	5635	476	476	0	0
IS	5636	493	493	0	0
IS	5637	506	506	0	0
IS	5638	483	483	0	0
IS	5639	528	528	0	0
IS	5640	467	466	1	0
IS	5641	478	478	0	0
IS	5642	562	561	1	0
IS	5643	500	500	0	0
IS	5644	485	485	0	0
IS	5645	476	476	0	0
IS	5646	451	451	0	0
IS	5647	504	504	0	0
IS	5648	541	541	0	0
IS	5649	527	527	0	0
IS	5650	505	505	0	0
IS	5651	546	546	0	0
IS	5652	515	515	0	0
IS	5653	534	533	1	0
IS	5654	547	547	0	0
IS	5655	506	506	0	0
IS	5656	522	522	0	0
IS	5657	553	553	0	0
IS	5658	515	515	0	0
IS	5659	501	501	0	0
IS	5660	507	507	0	0
IS	5661	514	513	1	0
IS	5662	496	496	0	0
IS	5663	548	548	0	0
IS	5664	474	474	0	0
IS	5665	512	512	0	0
IS	5666	514	514	0	0
IS	5667	481	481	0	0
IS	5668	549	549	0	0
IS	5669	541	541	0	0
IS	5670	529	529	0	0
IS	5671	532	532	0	0
IS	5672	522	522	0	0
IS	5673	547	546	1	0
IS	5674	509	509	0	0
IS	5675	490	489	1	0
IS	5676	535	535	0	0
IS	5677	549	549	0	0
IS	5678	538	538	0	0
IS	5679	502	502	0	0
IS	5680	558	558	0	0
IS	5681	527	527	0	0
IS	5682	517	517	0	0
IS	5683	556	556	0	0
IS	5684	541	541	0	0
IS	5685	546	546	0	0
IS	5686	538	538	0	0
IS	5687	575	575	0	0
IS	5688	544	544	0	0
IS	5689	534	534	0	0
IS	5690	518	518	0	0
IS	5691	548	548	0	0
IS	5692	523	523	0	0
IS	5693	547	547	0	0
IS	5694	564	564	0	0
IS	5695	533	533	0	0
IS	5696	517	517	0	0
IS	5697	502	502	0	0
IS	5698	542	542	0	0
IS	5699	550	550	0	0
IS	5700	523	523	0	0
IS	5701	532	532	0	0
IS	5702	576	576	0	0
IS	5703	535	535	0	0
IS	5704	521	520	1	0
IS	5705	485	485	0	0
IS	5706	523	523	0	0
IS	5707	556	556	0	0
IS	5708	534	534	0	0
IS	5709	516	516	0	0
IS	5710	541	541	0	0
IS	5711	530	530	0	0
IS	5712	533	533	0	0
IS	5713	469	469	0	0
IS	5714	522	522	0	0
IS	5715	561	561	0	0
IS	5716	511	511	0	0
IS	5717	544	544	0	0
IS	5718	506	505	1	0
IS	5719	528	528	0	0
IS	5720	543	542	1	0
IS	5721	505	505	0	0
IS	5722	483	483	0	0
IS	5723	484	484	0	0
IS	5724	535	535	0	0
IS	5725	495	495	0	0
IS	5726	555	555	0	0
IS	5727	470	470	0	0
IS	5728	476	476	0	0
IS	5729	544	544	0	0
IS	5730	531	531	0	0
IS	5731	528	528	0	0
IS	5732	507	507	0	0
IS	5733	532	532	0	0
IS	5734	572	572	0	0
IS	5735	498	498	0	0
IS	5736	528	528	0	0
IS	5737	490	490	0	0
IS	5738	505	505	0	0
IS	5739	469	469	0	0
IS	5740	504	504	0	0
IS	5741	476	475	1	0
IS	5742	507	507	0	0
IS	5743	495	495	0	0
IS	5744	498	498	0	0
IS	5745	454	454	0	0
IS	5746	526	526	0	0
IS	5747	529	529	0	0
IS	5748	492	492	0	0
IS	5749	455	455	0	0
IS	5750	489	489	0	0
IS	5751	462	462	0	0
IS	5752	511	511	0	0
IS	5753	502	502	0	0
IS	5754	525	525	0	0
IS	5755	497	497	0	0
IS	5756	484	484	0	0
IS	5757	514	514	0	0
IS	5758	494	494	0	0
IS	5759	528	528	0	0
IS	5760	532	532	0	0
IS	5761	455	455	0	0
IS	5762	452	452	0	0
IS	5763	469	469	0	0
IS	5764	487	487	0	0
IS	5765	479	479	0	0
IS	5766	495	494	1	0
IS	5767	424	424	0	0
IS	5768	479	479	0	0
IS	5769	512	512	0	0
IS	5770	475	475	0	0
IS	5771	422	422	0	0
IS	5772	465	465	0	0
IS	5773	491	491	0	0
IS	5774	501	501	0	0
IS	5775	455	455	0	0
IS	5776	465	465	0	0
IS	5777	450	450	0	0
IS	5778	474	474	0	0
IS	5779	488	488	0	0
IS	5780	484	484	0	0
IS	5781	465	465	0	0
IS	5782	489	489	0	0
IS	5783	546	546	0	0
IS	5784	470	470	0	0
IS	5785	505	505	0	0
IS	5786	530	530	0	0
IS	5787	509	509	0	0
IS	5788	463	463	0	0
IS	5789	462	462	0	0
IS	5790	441	441	0	0
IS	5791	496	496	0	0
IS	5792	472	472	0	0
IS	5793	471	471	0	0
IS	5794	483	483	0	0
IS	5795	449	449	0	0
IS	5796	476	476	0	0
IS	5797	492	492	0	0
IS	5798	517	517	0	0
IS	5799	445	445	0	0
IS	5800	471	471	0	0
IS	5801	437	437	0	0
IS	5802	434	434	0	0
IS	5803	497	497	0	0
IS	5804	440	440	0	0
IS	5805	492	492	0	0
IS	5806	462	462	0	0
IS	5807	483	483	0	0
IS	5808	487	487	0	0
IS	5809	487	487	0	0
IS	5810	470	470	0	0
IS	5811	470	470	0	0
IS	5812	464	464	0	0
IS	5813	464	464	0	0
IS	5814	446	445	1	0
IS	5815	480	480	0	0
IS	5816	457	457	0	0
IS	5817	496	495	1	0
IS	5818	418	418	0	0
IS	5819	452	452	0	0
IS	5820	486	486	0	0
IS	5821	490	490	0	0
IS	5822	445	445	0	0
IS	5823	452	452	0	0
IS	5824	492	492	0	0
IS	5825	489	489	0	0
IS	5826	512	512	0	0
IS	5827	440	440	0	0
IS	5828	465	465	0	0
IS	5829	484	484	0	0
IS	5830	506	506	0	0
IS	5831	489	489	0	0
IS	5832	510	510	0	0
IS	5833	460	460	0	0
IS	5834	440	440	0	0
IS	5835	445	445	0	0
IS	5836	546	546	0	0
IS	5837	539	539	0	0
IS	5838	462	462	0	0
IS	5839	478	478	0	0
IS	5840	463	463	0	0
IS	5841	500	500	0	0
IS	5842	469	469	0	0
IS	5843	527	527	0	0
IS	5844	531	531	0	0
IS	5845	505	505	0	0
IS	5846	497	497	0	0
IS	5847	508	508	0	0
IS	5848	505	505	0	0
IS	5849	502	502	0	0
IS	5850	454	454	0	0
IS	5851	484	484	0	0
IS	5852	514	514	0	0
IS	5853	487	487	0	0
IS	5854	452	452	0	0
IS	5855	444	444	0	0
IS	5856	514	514	0	0
IS	5857	459	459	0	0
IS	5858	498	498	0	0
IS	5859	478	478	0	0
IS	5860	496	496	0	0
IS	5861	482	482	0	0
IS	5862	519	519	0	0
IS	5863	520	520	0	0
IS	5864	508	508	0	0
IS	5865	526	526	0	0
IS	5866	557	557	0	0
IS	5867	485	485	0	0
IS	5868	471	471	0	0
IS	5869	511	511	0	0
IS	5870	479	479	0	0
IS	5871	498	497	1	0
IS	5872	560	560	0	0
IS	5873	487	487	0	0
IS	5874	512	512	0	0
IS	5875	483	483	0	0
IS	5876	503	502	1	0
IS	5877	535	535	0	0
IS	5878	509	509	0	0
IS	5879	503	503	0	0
IS	5880	526	526	0	0
IS	5881	486	486	0	0
IS	5882	512	512	0	0
IS	5883	477	477	0	0
IS	5884	517	517	0	0
IS	5885	494	494	0	0
IS	5886	520	520	0	0
IS	5887	502	502	0	0
IS	5888	496	496	0	0
IS	5889	523	522	1	0
IS	5890	477	477	0	0
IS	5891	507	507	0	0
IS	5892	483	483	0	0
IS	5893	503	503	0	0
IS	5894	506	506	0	0
IS	5895	467	467	0	0
IS	5896	528	528	0	0
IS	5897	481	481	0	0
IS	5898	512	512	0	0
IS	5899	606	605	1	0
IS	5900	532	532	0	0
IS	5901	484	484	0	0
IS	5902	499	499	0	0
IS	5903	548	548	0	0
IS	5904	545	545	0	0
IS	5905	476	476	0	0
IS	5906	552	552	0	0
IS	5907	513	513	0	0
IS	5908	524	524	0	0
IS	5909	560	560	0	0
IS	5910	539	539	0	0
IS	5911	517	516	1	0
IS	5912	520	520	0	0
IS	5913	474	474	0	0
IS	5914	530	530	0	0
IS	5915	542	542	0	0
IS	5916	516	516	0	0
IS	5917	557	557	0	0
IS	5918	468	468	0	0
IS	5919	544	544	0	0
IS	5920	523	523	0	0
IS	5921	513	513	0	0
IS	5922	510	510	0	0
IS	5923	520	520	0	0
IS	5924	475	475	0	0
IS	5925	502	502	0	0
IS	5926	534	533	1	0
IS	5927	528	527	1	0
IS	5928	510	510	0	0
IS	5929	504	504	0	0
IS	5930	524	524	0	0
IS	5931	553	553	0	0
IS	5932	566	565	1	0
IS	5933	478	478	0	0
IS	5934	503	503	0	0
IS	5935	437	437	0	0
IS	5936	556	556	0	0
IS	5937	472	472	0	0
IS	5938	493	493	0	0
IS	5939	506	506	0	0
IS	5940	486	486	0	0
IS	5941	484	484	0	0
IS	5942	516	516	0	0
IS	5943	474	474	0	0
IS	5944	531	531	0	0
IS	5945	476	475	1	0
IS	5946	489	488	1	0
IS	5947	490	490	0	0
IS	5948	487	487	0	0
IS	5949	489	489	0	0
IS	5950	535	535	0	0
IS	5951	472	472	0	0
IS	5952	490	490	0	0
IS	5953	473	473	0	0
IS	5954	489	489	0	0
IS	5955	490	490	0	0
IS	5956	532	532	0	0
IS	5957	464	464	0	0
IS	5958	511	511	0	0
IS	5959	459	459	0	0
IS	5960	496	496	0	0
IS	5961	531	531	0	0
IS	5962	425	425	0	0
IS	5963	462	462	0	0
IS	5964	489	489	0	0
IS	5965	489	489	0	0
IS	5966	482	482	0	0
IS	5967	473	473	0	0
IS	5968	484	484	0	0
IS	5969	500	500	0	0
IS	5970	507	507	0	0
IS	5971	435	435	0	0
IS	5972	459	459	0	0
IS	5973	494	494	0	0
IS	5974	503	503	0	0
IS	5975	494	494	0	0
IS	5976	451	451	0	0
IS	5977	460	460	0	0
IS	5978	440	440	0	0
IS	5979	452	452	0	0
IS	5980	453	453	0	0
IS	5981	509	509	0	0
IS	5982	480	480	0	0
IS	5983	440	440	0	0
IS	5984	466	466	0	0
IS	5985	469	469	0	0
IS	5986	438	438	0	0
IS	5987	438	438	0	0
IS	5988	477	477	0	0
IS	5989	444	444	0	0
IS	5990	512	512	0	0
IS	5991	427	427	0	0
IS	5992	448	448	0	0
IS	5993	463	463	0	0
IS	5994	474	474	0	0
IS	5995	439	439	0	0
IS	5996	472	472	0	0
IS	5997	413	413	0	0
IS	5998	483	483	0	0
IS	5999	488	488	0	0
IS	6000	497	497	0	0
IS	6001	448	448	0	0
IS	6002	494	494	0	0
IS	6003	450	450	0	0
IS	6004	422	422	0	0
IS	6005	408	408	0	0
IS	6006	486	486	0	0
IS	6007	456	456	0	0
IS	6008	397	397	0	0
IS	6009	441	441	0	0
IS	6010	490	489	1	0
IS	6011	483	483	0	0
IS	6012	448	448	0	0
IS	6013	465	465	0	0
IS	6014	490	490	0	0
IS	6015	447	447	0	0
IS	6016	463	463	0	0
IS	6017	461	461	0	0
IS	6018	479	479	0	0
IS	6019	497	497	0	0
IS	6020	447	447	0	0
IS	6021	486	486	0	0
IS	6022	450	450	0	0
IS	6023	461	461	0	0
IS	6024	441	441	0	0
IS	6025	448	448	0	0
IS	6026	480	480	0	0
IS	6027	475	475	0	0
IS	6028	491	491	0	0
IS	6029	486	486	0	0
IS	6030	494	494	0	0
IS	6031	537	537	0	0
IS	6032	489	489	0	0
IS	6033	475	475	0	0
IS	6034	493	493	0	0
IS	6035	469	469	0	0
IS	6036	432	432	0	0
IS	6037	483	483	0	0
IS	6038	480	480	0	0
IS	6039	444	444	0	0
IS	6040	515	515	0	0
IS	6041	443	443	0	0
IS	6042	438	438	0	0
IS	6043	514	514	0	0
IS	6044	513	513	0	0
IS	6045	519	519	0	0
IS	6046	499	499	0	0
IS	6047	491	491	0	0
IS	6048	501	501	0	0
IS	6049	444	443	1	0
IS	6050	456	456	0	0
IS	6051	492	492	0	0
IS	6052	435	435	0	0
IS	6053	437	437	0	0
IS	6054	503	503	0	0
IS	6055	471	471	0	0
IS	6056	493	493	0	0
IS	6057	481	481	0	0
IS	6058	477	477	0	0
IS	6059	431	431	0	0
IS	6060	476	476	0	0
IS	6061	494	494	0	0
IS	6062	504	504	0	0
IS	6063	444	444	0	0
IS	6064	497	497	0	0
IS	6065	477	477	0	0
IS	6066	498	498	0	0
IS	6067	467	467	0	0
IS	6068	430	430	0	0
IS	6069	556	556	0	0
IS	6070	456	456	0	0
IS	6071	434	434	0	0
IS	6072	475	475	0	0
IS	6073	496	496	0	0
IS	6074	440	440	0	0
IS	6075	479	479	0	0
IS	6076	481	481	0	0
IS	6077	490	490	0	0
IS	6078	475	475	0	0
IS	6079	501	501	0	0
IS	6080	496	496	0	0
IS	6081	436	436	0	0
IS	6082	473	473	0	0
IS	6083	470	470	0	0
IS	6084	425	425	0	0
IS	6085	513	513	0	0
IS	6086	459	459	0	0
IS	6087	518	518	0	0
IS	6088	462	462	0	0
IS	6089	458	458	0	0
IS	6090	506	506	0	0
IS	6091	489	489	0	0
IS	6092	465	465	0	0
IS	6093	476	476	0	0
IS	6094	517	517	0	0
IS	6095	538	538	0	0
IS	6096	517	517	0	0
IS	6097	478	478	0	0
IS	6098	437	436	1	0
IS	6099	487	486	1	0
IS	6100	470	470	0	0
IS	6101	434	434	0	0
IS	6102	454	454	0	0
IS	6103	483	483	0	0
IS	6104	456	456	0	0
IS	6105	475	475	0	0
IS	6106	523	523	0	0
IS	6107	442	442	0	0
IS	6108	490	490	0	0
IS	6109	443	443	0	0
IS	6110	493	492	1	0
IS	6111	453	453	0	0
IS	6112	478	478	0	0
IS	6113	471	471	0	0
IS	6114	446	446	0	0
IS	6115	441	441	0	0
IS	6116	437	437	0	0
IS	6117	439	439	0	0
IS	6118	482	482	0	0
IS	6119	457	457	0	0
IS	6120	408	408	0	0
IS	6121	465	464	1	0
IS	6122	439	439	0	0
IS	6123	395	395	0	0
IS	6124	450	450	0	0
IS	6125	462	462	0	0
IS	6126	501	501	0	0
IS	6127	473	473	0	0
IS	6128	463	463	0	0
IS	6129	452	452	0	0
IS	6130	429	429	0	0
IS	6131	454	454	0	0
IS	6132	417	417	0	0
IS	6133	471	471	0	0
IS	6134	455	454	1	0
IS	6135	480	480	0	0
IS	6136	472	472	0	0
IS	6137	465	465	0	0
IS	6138	446	446	0	0
IS	6139	499	499	0	0
IS	6140	471	471	0	0
IS	6141	486	486	0	0
IS	6142	435	435	0	0
IS	6143	457	457	0	0
IS	6144	473	473	0	0
IS	6145	505	505	0	0
IS	6146	457	457	0	0
IS	6147	488	488	0	0
IS	6148	466	466	0	0
IS	6149	492	492	0	0
IS	6150	437	437	0	0
IS	6151	488	488	0	0
IS	6152	527	527	0	0
IS	6153	474	474	0	0
IS	6154	464	464	0	0
IS	6155	488	487	1	0
IS	6156	464	464	0	0
IS	6157	505	505	0	0
IS	6158	472	472	0	0
IS	6159	479	479	0	0
IS	6160	454	454	0	0
IS	6161	464	464	0	0
IS	6162	464	464	0	0
IS	6163	477	477	0	0
IS	6164	512	512	0	0
IS	6165	474	473	1	0
IS	6166	476	476	0	0
IS	6167	508	508	0	0
IS	6168	502	502	0	0
IS	6169	480	480	0	0
IS	6170	519	519	0	0
IS	6171	451	451	0	0
IS	6172	487	487	0	0
IS	6173	506	506	0	0
IS	6174	499	498	1	0
IS	6175	506	506	0	0
IS	6176	478	478	0	0
IS	6177	466	466	0	0
IS	6178	521	521	0	0
IS	6179	481	481	0	0
IS	6180	485	485	0	0
IS	6181	506	506	0	0
IS	6182	484	484	0	0
IS	6183	487	487	0	0
IS	6184	499	499	0	0
IS	6185	544	544	0	0
IS	6186	531	531	0	0
IS	6187	501	501	0	0
IS	6188	555	554	1	0
IS	6189	489	489	0	0
IS	6190	468	468	0	0
IS	6191	520	519	1	0
IS	6192	519	519	0	0
IS	6193	494	494	0	0
IS	6194	469	469	0	0
IS	6195	495	495	0	0
IS	6196	460	460	0	0
IS	6197	563	563	0	0
IS	6198	481	481	0	0
IS	6199	572	572	0	0
IS	6200	483	483	0	0
IS	6201	499	499	0	0
IS	6202	484	484	0	0
IS	6203	457	457	0	0
IS	6204	470	470	0	0
IS	6205	542	542	0	0
IS	6206	564	564	0	0
IS	6207	528	528	0	0
IS	6208	486	486	0	0
IS	6209	504	504	0	0
IS	6210	532	532	0	0
IS	6211	469	469	0	0
IS	6212	536	536	0	0
IS	6213	494	494	0	0
IS	6214	503	503	0	0
IS	6215	499	499	0	0
IS	6216	473	473	0	0
IS	6217	469	469	0	0
IS	6218	511	511	0	0
IS	6219	496	496	0	0
IS	6220	538	538	0	0
IS	6221	513	513	0	0
IS	6222	501	501	0	0
IS	6223	483	483	0	0
IS	6224	493	493	0	0
IS	6225	484	484	0	0
IS	6226	489	489	0	0
IS	6227	523	523	0	0
IS	6228	455	455	0	0
IS	6229	464	464	0	0
IS	6230	480	479	1	0
IS	6231	539	538	1	0
IS	6232	522	522	0	0
IS	6233	486	486	0	0
IS	6234	542	542	0	0
IS	6235	471	471	0	0
IS	6236	483	483	0	0
IS	6237	504	504	0	0
IS	6238	509	509	0	0
IS	6239	492	492	0	0
IS	6240	497	497	0	0
IS	6241	492	492	0	0
IS	6242	429	429	0	0
IS	6243	486	486	0	0
IS	6244	456	456	0	0
IS	6245	449	449	0	0
IS	6246	482	482	0	0
IS	6247	474	474	0	0
IS	6248	435	435	0	0
IS	6249	413	413	0	0
IS	6250	461	461	0	0
IS	6251	462	462	0	0
IS	6252	464	464	0	0
IS	6253	498	498	0	0
IS	6254	472	472	0	0
IS	6255	431	431	0	0
IS	6256	433	433	0	0
IS	6257	439	439	0	0
IS	6258	462	462	0	0
IS	6259	431	431	0	0
IS	6260	500	500	0	0
IS	6261	443	443	0	0
IS	6262	485	485	0	0
IS	6263	409	409	0	0
IS	6264	443	443	0	0
IS	6265	442	442	0	0
IS	6266	424	424	0	0
IS	6267	444	444	0	0
IS	6268	390	390	0	0
IS	6269	442	442	0	0
IS	6270	430	430	0	0
IS	6271	428	428	0	0
IS	6272	432	432	0	0
IS	6273	434	434	0	0
IS	6274	419	419	0	0
IS	6275	427	427	0	0
IS	6276	405	405	0	0
IS	6277	426	426	0	0
IS	6278	413	413	0	0
IS	6279	397	397	0	0
IS	6280	382	382	0	0
IS	6281	439	439	0	0
IS	6282	386	386	0	0
IS	6283	420	420	0	0
IS	6284	440	440	0	0
IS	6285	359	359	0	0
IS	6286	400	400	0	0
IS	6287	385	385	0	0
IS	6288	403	403	0	0
IS	6289	444	444	0	0
IS	6290	403	403	0	0
IS	6291	373	373	0	0
IS	6292	365	365	0	0
IS	6293	410	410	0	0
IS	6294	385	385	0	0
IS	6295	398	398	0	0
IS	6296	391	391	0	0
IS	6297	395	395	0	0
IS	6298	369	369	0	0
IS	6299	373	373	0	0
IS	6300	365	365	0	0
IS	6301	358	358	0	0
IS	6302	412	412	0	0
IS	6303	411	411	0	0
IS	6304	369	369	0	0
IS	6305	384	384	0	0
IS	6306	343	343	0	0
IS	6307	416	416	0	0
IS	6308	413	413	0	0
IS	6309	403	403	0	0
IS	6310	368	368	0	0
IS	6311	386	386	0	0
IS	6312	388	388	0	0
IS	6313	377	377	0	0
IS	6314	397	397	0	0
IS	6315	416	416	0	0
IS	6316	396	396	0	0
IS	6317	386	386	0	0
IS	6318	370	370	0	0
IS	6319	400	400	0	0
IS	6320	341	341	0	0
IS	6321	421	421	0	0
IS	6322	394	394	0	0
IS	6323	354	354	0	0
IS	6324	368	368	0	0
IS	6325	342	342	0	0
IS	6326	375	375	0	0
IS	6327	367	367	0	0
IS	6328	389	389	0	0
IS	6329	360	360	0	0
IS	6330	383	383	0	0
IS	6331	409	409	0	0
IS	6332	414	414	0	0
IS	6333	407	407	0	0
IS	6334	434	434	0	0
IS	6335	434	433	1	0
IS	6336	408	408	0	0
IS	6337	437	437	0	0
IS	6338	368	368	0	0
IS	6339	395	395	0	0
IS	6340	439	439	0	0
IS	6341	414	414	0	0
IS	6342	355	355	0	0
IS	6343	352	352	0	0
IS	6344	394	394	0	0
IS	6345	376	376	0	0
IS	6346	387	387	0	0
IS	6347	365	365	0	0
IS	6348	383	383	0	0
IS	6349	382	382	0	0
IS	6350	386	386	0	0
IS	6351	388	388	0	0
IS	6352	370	370	0	0
IS	6353	362	362	0	0
IS	6354	433	433	0	0
IS	6355	395	395	0	0
IS	6356	417	417	0	0
IS	6357	386	385	1	0
IS	6358	388	388	0	0
IS	6359	374	374	0	0
IS	6360	377	377	0	0
IS	6361	403	403	0	0
IS	6362	418	418	0	0
IS	6363	410	410	0	0
IS	6364	402	401	1	0
IS	6365	434	434	0	0
IS	6366	456	456	0	0
IS	6367	417	417	0	0
IS	6368	428	428	0	0
IS	6369	407	407	0	0
IS	6370	438	438	0	0
IS	6371	408	408	0	0
IS	6372	404	404	0	0
IS	6373	401	401	0	0
IS	6374	404	404	0	0
IS	6375	356	356	0	0
IS	6376	369	369	0	0
IS	6377	393	393	0	0
IS	6378	414	414	0	0
IS	6379	450	450	0	0
IS	6380	418	418	0	0
IS	6381	397	397	0	0
IS	6382	427	427	0	0
IS	6383	422	422	0	0
IS	6384	432	432	0	0
IS	6385	452	452	0	0
IS	6386	420	420	0	0
IS	6387	399	399	0	0
IS	6388	406	406	0	0
IS	6389	414	414	0	0
IS	6390	398	398	0	0
IS	6391	400	400	0	0
IS	6392	445	445	0	0
IS	6393	408	408	0	0
IS	6394	406	406	0	0
IS	6395	460	460	0	0
IS	6396	406	406	0	0
IS	6397	382	382	0	0
IS	6398	390	390	0	0
IS	6399	387	387	0	0
IS	6400	457	457	0	0
IS	6401	447	447	0	0
IS	6402	379	379	0	0
IS	6403	441	441	0	0
IS	6404	411	411	0	0
IS	6405	416	416	0	0
IS	6406	418	418	0	0
IS	6407	374	374	0	0
IS	6408	399	399	0	0
IS	6409	414	414	0	0
IS	6410	373	373	0	0
IS	6411	440	440	0	0
IS	6412	432	432	0	0
IS	6413	408	408	0	0
IS	6414	445	445	0	0
IS	6415	406	406	0	0
IS	6416	427	427	0	0
IS	6417	436	435	1	0
IS	6418	464	463	1	0
IS	6419	441	441	0	0
IS	6420	387	387	0	0
IS	6421	409	409	0	0
IS	6422	401	401	0	0
IS	6423	464	464	0	0
IS	6424	431	431	0	0
IS	6425	425	425	0	0
IS	6426	418	418	0	0
IS	6427	397	397	0	0
IS	6428	430	430	0	0
IS	6429	380	380	0	0
IS	6430	430	430	0	0
IS	6431	422	422	0	0
IS	6432	408	408	0	0
IS	6433	444	444	0	0
IS	6434	414	414	0	0
IS	6435	440	440	0	0
IS	6436	464	464	0	0
IS	6437	405	405	0	0
IS	6438	422	422	0	0
IS	6439	452	452	0	0
IS	6440	431	431	0	0
IS	6441	454	454	0	0
IS	6442	440	440	0	0
IS	6443	437	437	0	0
IS	6444	481	481	0	0
IS	6445	467	467	0	0
IS	6446	478	478	0	0
IS	6447	427	427	0	0
IS	6448	425	425	0	0
IS	6449	422	422	0	0
IS	6450	450	450	0	0
IS	6451	434	434	0	0
IS	6452	417	417	0	0
IS	6453	433	433	0	0
IS	6454	459	459	0	0
IS	6455	389	389	0	0
IS	6456	434	434	0	0
IS	6457	418	418	0	0
IS	6458	413	413	0	0
IS	6459	377	377	0	0
IS	6460	412	412	0	0
IS	6461	442	442	0	0
IS	6462	425	425	0	0
IS	6463	460	460	0	0
IS	6464	456	456	0	0
IS	6465	441	441	0	0
IS	6466	403	403	0	0
IS	6467	429	429	0	0
IS	6468	440	440	0	0
IS	6469	428	428	0	0
IS	6470	414	414	0	0
IS	6471	486	486	0	0
IS	6472	423	423	0	0
IS	6473	408	408	0	0
IS	6474	413	413	0	0
IS	6475	430	430	0	0
IS	6476	431	431	0	0
IS	6477	433	433	0	0
IS	6478	428	428	0	0
IS	6479	455	455	0	0
IS	6480	446	446	0	0
IS	6481	481	480	1	0
IS	6482	439	439	0	0
IS	6483	423	423	0	0
IS	6484	400	400	0	0
IS	6485	431	431	0	0
IS	6486	460	460	0	0
IS	6487	452	452	0	0
IS	6488	444	444	0	0
IS	6489	422	422	0	0
IS	6490	424	424	0	0
IS	6491	381	381	0	0
IS	6492	433	432	1	0
IS	6493	442	441	1	0
IS	6494	488	488	0	0
IS	6495	455	455	0	0
IS	6496	470	470	0	0
IS	6497	432	432	0	0
IS	6498	467	467	0	0
IS	6499	415	415	0	0
IS	6500	456	456	0	0
IS	6501	418	418	0	0
IS	6502	454	454	0	0
IS	6503	435	435	0	0
IS	6504	462	462	0	0
IS	6505	451	451	0	0
IS	6506	460	460	0	0
IS	6507	463	463	0	0
IS	6508	455	455	0	0
IS	6509	464	464	0	0
IS	6510	417	417	0	0
IS	6511	449	449	0	0
IS	6512	438	438	0	0
IS	6513	458	458	0	0
IS	6514	475	475	0	0
IS	6515	447	447	0	0
IS	6516	478	478	0	0
IS	6517	487	487	0	0
IS	6518	434	434	0	0
IS	6519	446	446	0	0
IS	6520	467	467	0	0
IS	6521	469	469	0	0
IS	6522	485	485	0	0
IS	6523	474	474	0	0
IS	6524	427	427	0	0
IS	6525	464	464	0	0
IS	6526	440	440	0	0
IS	6527	465	465	0	0
IS	6528	459	459	0	0
IS	6529	459	459	0	0
IS	6530	500	500	0	0
IS	6531	489	489	0	0
IS	6532	459	459	0	0
IS	6533	463	463	0	0
IS	6534	422	422	0	0
IS	6535	478	478	0	0
IS	6536	481	481	0	0
IS	6537	493	493	0	0
IS	6538	500	500	0	0
IS	6539	459	459	0	0
IS	6540	464	464	0	0
IS	6541	527	527	0	0
IS	6542	456	456	0	0
IS	6543	470	470	0	0
IS	6544	485	485	0	0
IS	6545	517	517	0	0
IS	6546	450	450	0	0
IS	6547	451	451	0	0
IS	6548	447	447	0	0
IS	6549	493	493	0	0
IS	6550	457	457	0	0
IS	6551	466	466	0	0
IS	6552	437	437	0	0
IS	6553	472	472	0	0
IS	6554	448	448	0	0
IS	6555	470	470	0	0
IS	6556	447	447	0	0
IS	6557	497	497	0	0
IS	6558	446	446	0	0
IS	6559	470	470	0	0
IS	6560	455	455	0	0
IS	6561	365	365	0	0
IS	6562	451	451	0	0
IS	6563	444	444	0	0
IS	6564	461	461	0	0
IS	6565	430	430	0	0
IS	6566	400	400	0	0
IS	6567	459	459	0	0
IS	6568	426	426	0	0
IS	6569	462	462	0	0
IS	6570	430	430	0	0
IS	6571	413	413	0	0
IS	6572	419	419	0	0
IS	6573	454	454	0	0
IS	6574	418	418	0	0
IS	6575	440	440	0	0
IS	6576	377	377	0	0
IS	6577	403	403	0	0
IS	6578	407	407	0	0
IS	6579	472	472	0	0
IS	6580	431	431	0	0
IS	6581	403	403	0	0
IS	6582	400	400	0	0
IS	6583	409	409	0	0
IS	6584	450	450	0	0
IS	6585	442	442	0	0
IS	6586	375	375	0	0
IS	6587	409	409	0	0
IS	6588	442	442	0	0
IS	6589	394	394	0	0
IS	6590	404	404	0	0
IS	6591	430	430	0	0
IS	6592	421	421	0	0
IS	6593	416	416	0	0
IS	6594	400	400	0	0
IS	6595	390	390	0	0
IS	6596	389	389	0	0
IS	6597	423	423	0	0
IS	6598	421	421	0	0
IS	6599	382	382	0	0
IS	6600	427	427	0	0
IS	6601	391	391	0	0
IS	6602	370	370	0	0
IS	6603	407	407	0	0
IS	6604	399	399	0	0
IS	6605	390	390	0	0
IS	6606	392	392	0	0
IS	6607	367	367	0	0
IS	6608	401	401	0	0
IS	6609	394	393	1	0
IS	6610	388	388	0	0
IS	6611	369	369	0	0
IS	6612	386	386	0	0
IS	6613	374	374	0	0
IS	6614	386	386	0	0
IS	6615	417	417	0	0
IS	6616	402	402	0	0
IS	6617	387	387	0	0
IS	6618	390	390	0	0
IS	6619	361	361	0	0
IS	6620	425	425	0	0
IS	6621	349	349	0	0
IS	6622	371	371	0	0
IS	6623	352	352	0	0
IS	6624	361	361	0	0
IS	6625	399	399	0	0
IS	6626	392	392	0	0
IS	6627	431	431	0	0
IS	6628	387	387	0	0
IS	6629	407	407	0	0
IS	6630	368	368	0	0
IS	6631	349	349	0	0
IS	6632	397	397	0	0
IS	6633	393	393	0	0
IS	6634	355	355	0	0
IS	6635	355	355	0	0
IS	6636	334	334	0	0
IS	6637	393	393	0	0
IS	6638	360	360	0	0
IS	6639	433	433	0	0
IS	6640	362	362	0	0
IS	6641	299	299	0	0
IS	6642	376	376	0	0
IS	6643	354	354	0	0
IS	6644	372	372	0	0
IS	6645	381	381	0	0
IS	6646	342	342	0	0
IS	6647	423	423	0	0
IS	6648	363	363	0	0
IS	6649	390	390	0	0
IS	6650	405	405	0	0
IS	6651	368	368	0	0
IS	6652	404	404	0	0
IS	6653	370	370	0	0
IS	6654	391	391	0	0
IS	6655	369	369	0	0
IS	6656	394	394	0	0
IS	6657	348	348	0	0
IS	6658	327	327	0	0
IS	6659	410	410	0	0
IS	6660	349	349	0	0
IS	6661	395	395	0	0
IS	6662	379	379	0	0
IS	6663	367	367	0	0
IS	6664	413	413	0	0
IS	6665	352	352	0	0
IS	6666	351	351	0	0
IS	6667	387	387	0	0
IS	6668	399	399	0	0
IS	6669	405	405	0	0
IS	6670	354	354	0	0
IS	6671	373	373	0	0
IS	6672	382	382	0	0
IS	6673	405	405	0	0
IS	6674	374	374	0	0
IS	6675	327	327	0	0
IS	6676	392	392	0	0
IS	6677	387	387	0	0
IS	6678	389	389	0	0
IS	6679	364	364	0	0
IS	6680	394	394	0	0
IS	6681	385	385	0	0
IS	6682	368	368	0	0
IS	6683	308	308	0	0
IS	6684	346	346	0	0
IS	6685	337	337	0	0
IS	6686	364	364	0	0
IS	6687	352	352	0	0
IS	6688	377	377	0	0
IS	6689	349	349	0	0
IS	6690	413	413	0	0
IS	6691	416	416	0	0
IS	6692	367	367	0	0
IS	6693	422	422	0	0
IS	6694	427	427	0	0
IS	6695	372	372	0	0
IS	6696	369	369	0	0
IS	6697	387	387	0	0
IS	6698	342	342	0	0
IS	6699	385	385	0	0
IS	6700	362	362	0	0
IS	6701	392	392	0	0
IS	6702	376	376	0	0
IS	6703	383	383	0	0
IS	6704	362	362	0	0
IS	6705	386	386	0	0
IS	6706	365	363	2	0
IS	6707	381	381	0	0
IS	6708	422	422	0	0
IS	6709	374	374	0	0
IS	6710	367	367	0	0
IS	6711	376	376	0	0
IS	6712	357	357	0	0
IS	6713	369	369	0	0
IS	6714	367	367	0	0
IS	6715	343	343	0	0
IS	6716	371	371	0	0
IS	6717	334	334	0	0
IS	6718	333	333	0	0
IS	6719	363	363	0	0
IS	6720	415	415	0	0
IS	6721	389	389	0	0
IS	6722	353	353	0	0
IS	6723	368	368	0	0
IS	6724	386	386	0	0
IS	6725	370	370	0	0
IS	6726	384	384	0	0
IS	6727	393	393	0	0
IS	6728	354	354	0	0
IS	6729	344	344	0	0
IS	6730	398	398	0	0
IS	6731	378	378	0	0
IS	6732	383	383	0	0
IS	6733	362	362	0	0
IS	6734	433	433	0	0
IS	6735	380	380	0	0
IS	6736	382	382	0	0
IS	6737	360	360	0	0
IS	6738	368	368	0	0
IS	6739	369	369	0	0
IS	6740	396	396	0	0
IS	6741	342	342	0	0
IS	6742	354	354	0	0
IS	6743	381	381	0	0
IS	6744	359	359	0	0
IS	6745	362	362	0	0
IS	6746	378	378	0	0
IS	6747	387	387	0	0
IS	6748	355	355	0	0
IS	6749	369	369	0	0
IS	6750	386	386	0	0
IS	6751	353	353	0	0
IS	6752	384	384	0	0
IS	6753	422	422	0	0
IS	6754	347	347	0	0
IS	6755	380	380	0	0
IS	6756	413	413	0	0
IS	6757	432	432	0	0
IS	6758	402	402	0	0
IS	6759	420	420	0	0
IS	6760	390	389	1	0
IS	6761	433	433	0	0
IS	6762	391	391	0	0
IS	6763	360	360	0	0
IS	6764	403	403	0	0
IS	6765	376	376	0	0
IS	6766	400	400	0	0
IS	6767	405	405	0	0
IS	6768	459	459	0	0
IS	6769	399	399	0	0
IS	6770	345	345	0	0
IS	6771	399	399	0	0
IS	6772	363	363	0	0
IS	6773	400	400	0	0
IS	6774	415	415	0	0
IS	6775	411	411	0	0
IS	6776	410	410	0	0
IS	6777	425	425	0	0
IS	6778	406	406	0	0
IS	6779	432	432	0	0
IS	6780	401	401	0	0
IS	6781	392	392	0	0
IS	6782	383	383	0	0
IS	6783	393	393	0	0
IS	6784	420	420	0	0
IS	6785	375	375	0	0
IS	6786	411	411	0	0
IS	6787	385	385	0	0
IS	6788	413	413	0	0
IS	6789	423	423	0	0
IS	6790	455	454	1	0
IS	6791	432	432	0	0
IS	6792	432	432	0	0
IS	6793	428	428	0	0
IS	6794	450	450	0	0
IS	6795	415	415	0	0
IS	6796	395	395	0	0
IS	6797	456	456	0	0
IS	6798	407	407	0	0
IS	6799	399	399	0	0
IS	6800	387	387	0	0
IS	6801	470	470	0	0
IS	6802	404	403	1	0
IS	6803	389	389	0	0
IS	6804	401	401	0	0
IS	6805	421	421	0	0
IS	6806	364	364	0	0
IS	6807	442	442	0	0
IS	6808	426	426	0	0
IS	6809	432	431	1	0
IS	6810	396	396	0	0
IS	6811	400	400	0	0
IS	6812	393	393	0	0
IS	6813	436	436	0	0
IS	6814	399	399	0	0
IS	6815	411	411	0	0
IS	6816	403	403	0	0
IS	6817	348	348	0	0
IS	6818	380	380	0	0
IS	6819	425	425	0	0
IS	6820	402	402	0	0
IS	6821	423	423	0	0
IS	6822	367	367	0	0
IS	6823	384	384	0	0
IS	6824	353	353	0	0
IS	6825	441	440	1	0
IS	6826	360	360	0	0
IS	6827	442	442	0	0
IS	6828	425	425	0	0
IS	6829	385	385	0	0
IS	6830	405	405	0	0
IS	6831	413	413	0	0
IS	6832	413	413	0	0
IS	6833	467	467	0	0
IS	6834	365	365	0	0
IS	6835	392	392	0	0
IS	6836	426	426	0	0
IS	6837	414	414	0	0
IS	6838	404	404	0	0
IS	6839	373	373	0	0
IS	6840	365	365	0	0
IS	6841	416	416	0	0
IS	6842	415	415	0	0
IS	6843	437	437	0	0
IS	6844	403	403	0	0
IS	6845	409	409	0	0
IS	6846	402	402	0	0
IS	6847	387	387	0	0
IS	6848	379	379	0	0
IS	6849	344	344	0	0
IS	6850	371	371	0	0
IS	6851	414	414	0	0
IS	6852	378	378	0	0
IS	6853	374	374	0	0
IS	6854	408	408	0	0
IS	6855	413	413	0	0
IS	6856	404	404	0	0
IS	6857	389	389	0	0
IS	6858	413	413	0	0
IS	6859	394	394	0	0
IS	6860	385	385	0	0
IS	6861	421	421	0	0
IS	6862	433	433	0	0
IS	6863	397	397	0	0
IS	6864	404	404	0	0
IS	6865	397	397	0	0
IS	6866	387	386	1	0
IS	6867	394	394	0	0
IS	6868	435	435	0	0
IS	6869	377	377	0	0
IS	6870	385	385	0	0
IS	6871	423	423	0	0
IS	6872	379	379	0	0
IS	6873	412	412	0	0
IS	6874	389	388	1	0
IS	6875	427	427	0	0
IS	6876	386	386	0	0
IS	6877	391	391	0	0
IS	6878	390	390	0	0
IS	6879	391	391	0	0
IS	6880	414	414	0	0
IS	6881	374	374	0	0
IS	6882	362	362	0	0
IS	6883	404	403	1	0
IS	6884	390	390	0	0
IS	6885	396	395	1	0
IS	6886	387	387	0	0
IS	6887	350	350	0	0
IS	6888	364	364	0	0
IS	6889	387	387	0	0
IS	6890	366	366	0	0
IS	6891	378	378	0	0
IS	6892	364	364	0	0
IS	6893	427	427	0	0
IS	6894	371	371	0	0
IS	6895	382	382	0	0
IS	6896	396	396	0	0
IS	6897	385	385	0	0
IS	6898	354	354	0	0
IS	6899	376	376	0	0
IS	6900	390	390	0	0
IS	6901	408	408	0	0
IS	6902	429	429	0	0
IS	6903	397	397	0	0
IS	6904	375	375	0	0
IS	6905	381	381	0	0
IS	6906	445	445	0	0
IS	6907	416	416	0	0
IS	6908	434	434	0	0
IS	6909	376	376	0	0
IS	6910	395	395	0	0
IS	6911	378	378	0	0
IS	6912	379	379	0	0
IS	6913	379	379	0	0
IS	6914	372	372	0	0
IS	6915	391	391	0	0
IS	6916	395	395	0	0
IS	6917	385	385	0	0
IS	6918	398	398	0	0
IS	6919	439	439	0	0
IS	6920	383	383	0	0
IS	6921	389	389	0	0
IS	6922	372	372	0	0
IS	6923	358	358	0	0
IS	6924	384	384	0	0
IS	6925	400	400	0	0
IS	6926	404	404	0	0
IS	6927	376	376	0	0
IS	6928	385	385	0	0
IS	6929	383	383	0	0
IS	6930	393	393	0	0
IS	6931	402	402	0	0
IS	6932	398	398	0	0
IS	6933	355	355	0	0
IS	6934	405	405	0	0
IS	6935	404	404	0	0
IS	6936	345	345	0	0
IS	6937	377	377	0	0
IS	6938	339	339	0	0
IS	6939	363	363	0	0
IS	6940	386	386	0	0
IS	6941	370	370	0	0
IS	6942	420	420	0	0
IS	6943	355	355	0	0
IS	6944	420	420	0	0
IS	6945	391	391	0	0
IS	6946	409	409	0	0
IS	6947	387	387	0	0
IS	6948	402	402	0	0
IS	6949	384	384	0	0
IS	6950	379	379	0	0
IS	6951	396	396	0	0
IS	6952	404	404	0	0
IS	6953	376	376	0	0
IS	6954	397	397	0	0
IS	6955	377	377	0	0
IS	6956	406	406	0	0
IS	6957	409	409	0	0
IS	6958	385	385	0	0
IS	6959	387	387	0	0
IS	6960	346	346	0	0
IS	6961	426	426	0	0
IS	6962	420	420	0	0
IS	6963	392	392	0	0
IS	6964	411	411	0	0
IS	6965	434	434	0	0
IS	6966	412	412	0	0
IS	6967	403	403	0	0
IS	6968	374	374	0	0
IS	6969	408	408	0	0
IS	6970	407	407	0	0
IS	6971	343	343	0	0
IS	6972	387	387	0	0
IS	6973	393	393	0	0
IS	6974	345	345	0	0
IS	6975	373	373	0	0
IS	6976	449	448	1	0
IS	6977	398	398	0	0
IS	6978	371	371	0	0
IS	6979	345	345	0	0
IS	6980	374	374	0	0
IS	6981	365	365	0	0
IS	6982	376	376	0	0
IS	6983	378	378	0	0
IS	6984	375	375	0	0
IS	6985	360	360	0	0
IS	6986	354	354	0	0
IS	6987	403	403	0	0
IS	6988	375	375	0	0
IS	6989	375	375	0	0
IS	6990	376	376	0	0
IS	6991	354	354	0	0
IS	6992	361	361	0	0
IS	6993	369	369	0	0
IS	6994	354	354	0	0
IS	6995	367	367	0	0
IS	6996	355	355	0	0
IS	6997	360	360	0	0
IS	6998	402	402	0	0
IS	6999	410	410	0	0
IS	7000	379	379	0	0
IS	7001	372	372	0	0
IS	7002	362	362	0	0
IS	7003	370	370	0	0
IS	7004	331	331	0	0
IS	7005	360	360	0	0
IS	7006	351	351	0	0
IS	7007	335	335	0	0
IS	7008	374	374	0	0
IS	7009	379	379	0	0
IS	7010	334	334	0	0
IS	7011	352	352	0	0
IS	7012	353	353	0	0
IS	7013	358	358	0	0
IS	7014	320	320	0	0
IS	7015	406	406	0	0
IS	7016	375	375	0	0
IS	7017	346	346	0	0
IS	7018	379	379	0	0
IS	7019	348	348	0	0
IS	7020	347	347	0	0
IS	7021	326	326	0	0
IS	7022	387	387	0	0
IS	7023	341	341	0	0
IS	7024	355	355	0	0
IS	7025	353	353	0	0
IS	7026	334	334	0	0
IS	7027	373	373	0	0
IS	7028	356	356	0	0
IS	7029	387	387	0	0
IS	7030	358	358	0	0
IS	7031	372	372	0	0
IS	7032	300	300	0	0
IS	7033	363	363	0	0
IS	7034	354	354	0	0
IS	7035	345	345	0	0
IS	7036	346	346	0	0
IS	7037	359	359	0	0
IS	7038	372	372	0	0
IS	7039	357	357	0	0
IS	7040	363	363	0	0
IS	7041	373	373	0	0
IS	7042	353	353	0	0
IS	7043	376	376	0	0
IS	7044	356	356	0	0
IS	7045	313	313	0	0
IS	7046	329	329	0	0
IS	7047	334	334	0	0
IS	7048	359	359	0	0
IS	7049	360	360	0	0
IS	7050	326	326	0	0
IS	7051	296	296	0	0
IS	7052	373	373	0	0
IS	7053	336	336	0	0
IS	7054	341	341	0	0
IS	7055	311	311	0	0
IS	7056	356	356	0	0
IS	7057	380	380	0	0
IS	7058	338	338	0	0
IS	7059	329	329	0	0
IS	7060	302	302	0	0
IS	7061	350	350	0	0
IS	7062	287	287	0	0
IS	7063	327	327	0	0
IS	7064	308	308	0	0
IS	7065	305	305	0	0
IS	7066	362	362	0	0
IS	7067	323	323	0	0
IS	7068	353	353	0	0
IS	7069	362	362	0	0
IS	7070	350	350	0	0
IS	7071	332	332	0	0
IS	7072	293	293	0	0
IS	7073	325	325	0	0
IS	7074	314	314	0	0
IS	7075	386	386	0	0
IS	7076	362	362	0	0
IS	7077	322	322	0	0
IS	7078	351	351	0	0
IS	7079	306	306	0	0
IS	7080	348	348	0	0
IS	7081	310	310	0	0
IS	7082	320	320	0	0
IS	7083	326	326	0	0
IS	7084	318	318	0	0
IS	7085	332	332	0	0
IS	7086	297	297	0	0
IS	7087	308	308	0	0
IS	7088	316	316	0	0
IS	7089	352	352	0	0
IS	7090	320	320	0	0
IS	7091	295	295	0	0
IS	7092	312	312	0	0
IS	7093	355	355	0	0
IS	7094	337	337	0	0
IS	7095	331	331	0	0
IS	7096	333	333	0	0
IS	7097	329	329	0	0
IS	7098	318	318	0	0
IS	7099	332	332	0	0
IS	7100	334	334	0	0
IS	7101	319	319	0	0
IS	7102	349	349	0	0
IS	7103	314	314	0	0
IS	7104	367	367	0	0
IS	7105	305	305	0	0
IS	7106	299	299	0	0
IS	7107	319	319	0	0
IS	7108	318	318	0	0
IS	7109	310	310	0	0
IS	7110	307	307	0	0
IS	7111	324	324	0	0
IS	7112	332	332	0	0
IS	7113	319	319	0	0
IS	7114	331	331	0	0
IS	7115	319	319	0	0
IS	7116	339	339	0	0
IS	7117	341	341	0	0
IS	7118	324	324	0	0
IS	7119	307	307	0	0
IS	7120	343	343	0	0
IS	7121	337	337	0	0
IS	7122	291	291	0	0
IS	7123	343	343	0	0
IS	7124	346	346	0	0
IS	7125	331	331	0	0
IS	7126	322	322	0	0
IS	7127	337	337	0	0
IS	7128	342	342	0	0
IS	7129	365	365	0	0
IS	7130	311	311	0	0
IS	7131	339	339	0	0
IS	7132	360	360	0	0
IS	7133	319	319	0	0
IS	7134	343	343	0	0
IS	7135	365	365	0	0
IS	7136	357	357	0	0
IS	7137	369	369	0	0
IS	7138	332	332	0	0
IS	7139	349	349	0	0
IS	7140	351	351	0	0
IS	7141	324	324	0	0
IS	7142	336	336	0	0
IS	7143	340	340	0	0
IS	7144	334	334	0	0
IS	7145	289	289	0	0
IS	7146	340	340	0	0
IS	7147	331	331	0	0
IS	7148	327	327	0	0
IS	7149	343	343	0	0
IS	7150	330	330	0	0
IS	7151	308	307	1	0
IS	7152	330	330	0	0
IS	7153	348	348	0	0
IS	7154	336	336	0	0
IS	7155	318	318	0	0
IS	7156	334	334	0	0
IS	7157	358	358	0	0
IS	7158	310	310	0	0
IS	7159	334	334	0	0
IS	7160	339	339	0	0
IS	7161	335	335	0	0
IS	7162	302	302	0	0
IS	7163	317	317	0	0
IS	7164	379	379	0	0
IS	7165	318	318	0	0
IS	7166	342	342	0	0
IS	7167	325	325	0	0
IS	7168	296	296	0	0
IS	7169	322	322	0	0
IS	7170	336	336	0	0
IS	7171	324	324	0	0
IS	7172	284	284	0	0
IS	7173	351	351	0	0
IS	7174	347	347	0	0
IS	7175	343	342	1	0
IS	7176	379	379	0	0
IS	7177	288	288	0	0
IS	7178	330	330	0	0
IS	7179	305	305	0	0
IS	7180	329	329	0	0
IS	7181	343	343	0	0
IS	7182	340	340	0	0
IS	7183	335	335	0	0
IS	7184	346	346	0	0
IS	7185	310	310	0	0
IS	7186	356	356	0	0
IS	7187	324	324	0	0
IS	7188	364	364	0	0
IS	7189	345	345	0	0
IS	7190	326	326	0	0
IS	7191	310	310	0	0
IS	7192	307	307	0	0
IS	7193	325	325	0	0
IS	7194	334	334	0	0
IS	7195	312	312	0	0
IS	7196	281	281	0	0
IS	7197	294	294	0	0
IS	7198	315	315	0	0
IS	7199	349	349	0	0
IS	7200	291	291	0	0
IS	7201	341	341	0	0
IS	7202	350	350	0	0
IS	7203	326	326	0	0
IS	7204	325	325	0	0
IS	7205	324	324	0	0
IS	7206	327	327	0	0
IS	7207	346	346	0	0
IS	7208	331	331	0	0
IS	7209	321	321	0	0
IS	7210	330	330	0	0
IS	7211	326	326	0	0
IS	7212	334	334	0	0
IS	7213	328	328	0	0
IS	7214	325	325	0	0
IS	7215	291	291	0	0
IS	7216	358	358	0	0
IS	7217	331	331	0	0
IS	7218	307	307	0	0
IS	7219	311	311	0	0
IS	7220	306	306	0	0
IS	7221	326	326	0	0
IS	7222	333	333	0	0
IS	7223	290	290	0	0
IS	7224	330	330	0	0
IS	7225	342	342	0	0
IS	7226	305	305	0	0
IS	7227	367	367	0	0
IS	7228	330	330	0	0
IS	7229	352	352	0	0
IS	7230	317	317	0	0
IS	7231	347	347	0	0
IS	7232	324	324	0	0
IS	7233	358	358	0	0
IS	7234	349	349	0	0
IS	7235	320	320	0	0
IS	7236	342	342	0	0
IS	7237	341	341	0	0
IS	7238	347	347	0	0
IS	7239	341	341	0	0
IS	7240	343	343	0	0
IS	7241	324	324	0	0
IS	7242	311	311	0	0
IS	7243	299	299	0	0
IS	7244	353	353	0	0
IS	7245	358	358	0	0
IS	7246	354	354	0	0
IS	7247	314	314	0	0
IS	7248	277	277	0	0
IS	7249	350	350	0	0
IS	7250	314	314	0	0
IS	7251	327	327	0	0
IS	7252	363	363	0	0
IS	7253	324	324	0	0
IS	7254	340	340	0	0
IS	7255	338	338	0	0
IS	7256	359	359	0	0
IS	7257	318	318	0	0
IS	7258	332	332	0	0
IS	7259	368	368	0	0
IS	7260	290	290	0	0
IS	7261	396	396	0	0
IS	7262	339	339	0	0
IS	7263	313	313	0	0
IS	7264	348	348	0	0
IS	7265	337	337	0	0
IS	7266	329	329	0	0
IS	7267	324	324	0	0
IS	7268	314	314	0	0
IS	7269	322	322	0	0
IS	7270	349	349	0	0
IS	7271	356	356	0	0
IS	7272	351	351	0	0
IS	7273	368	368	0	0
IS	7274	341	341	0	0
IS	7275	328	328	0	0
IS	7276	342	342	0	0
IS	7277	341	341	0	0
IS	7278	343	343	0	0
IS	7279	343	343	0	0
IS	7280	358	358	0	0
IS	7281	330	330	0	0
IS	7282	369	369	0	0
IS	7283	310	310	0	0
IS	7284	353	353	0	0
IS	7285	336	336	0	0
IS	7286	377	377	0	0
IS	7287	356	356	0	0
IS	7288	336	336	0	0
IS	7289	284	284	0	0
IS	7290	340	340	0	0
IS	7291	390	390	0	0
IS	7292	328	328	0	0
IS	7293	348	348	0	0
IS	7294	308	308	0	0
IS	7295	320	320	0	0
IS	7296	371	371	0	0
IS	7297	320	320	0	0
IS	7298	315	315	0	0
IS	7299	342	342	0	0
IS	7300	351	351	0	0
IS	7301	384	384	0	0
IS	7302	389	389	0	0
IS	7303	370	370	0	0
IS	7304	329	329	0	0
IS	7305	336	336	0	0
IS	7306	324	324	0	0
IS	7307	363	363	0	0
IS	7308	327	327	0	0
IS	7309	343	343	0	0
IS	7310	312	312	0	0
IS	7311	341	341	0	0
IS	7312	335	335	0	0
IS	7313	329	329	0	0
IS	7314	353	353	0	0
IS	7315	332	332	0	0
IS	7316	336	336	0	0
IS	7317	307	307	0	0
IS	7318	325	325	0	0
IS	7319	354	354	0	0
IS	7320	319	319	0	0
IS	7321	353	353	0	0
IS	7322	364	364	0	0
IS	7323	316	316	0	0
IS	7324	339	339	0	0
IS	7325	344	344	0	0
IS	7326	345	345	0	0
IS	7327	320	320	0	0
IS	7328	330	330	0	0
IS	7329	326	325	1	0
IS	7330	392	392	0	0
IS	7331	341	341	0	0
IS	7332	343	343	0	0
IS	7333	359	359	0	0
IS	7334	357	357	0	0
IS	7335	325	325	0	0
IS	7336	313	313	0	0
IS	7337	338	337	1	0
IS	7338	346	346	0	0
IS	7339	308	308	0	0
IS	7340	368	368	0	0
IS	7341	323	323	0	0
IS	7342	299	299	0	0
IS	7343	319	319	0	0
IS	7344	317	317	0	0
IS	7345	328	328	0	0
IS	7346	384	383	1	0
IS	7347	308	308	0	0
IS	7348	328	328	0	0
IS	7349	299	299	0	0
IS	7350	312	312	0	0
IS	7351	296	296	0	0
IS	7352	352	352	0	0
IS	7353	350	350	0	0
IS	7354	343	343	0	0
IS	7355	317	317	0	0
IS	7356	343	343	0	0
IS	7357	297	297	0	0
IS	7358	355	355	0	0
IS	7359	329	329	0	0
IS	7360	371	371	0	0
IS	7361	328	328	0	0
IS	7362	348	348	0	0
IS	7363	333	333	0	0
IS	7364	354	354	0	0
IS	7365	303	303	0	0
IS	7366	310	310	0	0
IS	7367	337	337	0	0
IS	7368	350	350	0	0
IS	7369	367	367	0	0
IS	7370	325	325	0	0
IS	7371	340	340	0	0
IS	7372	342	342	0	0
IS	7373	322	322	0	0
IS	7374	336	336	0	0
IS	7375	327	327	0	0
IS	7376	385	385	0	0
IS	7377	372	372	0	0
IS	7378	280	280	0	0
IS	7379	348	348	0	0
IS	7380	338	338	0	0
IS	7381	336	336	0	0
IS	7382	373	373	0	0
IS	7383	286	286	0	0
IS	7384	376	376	0	0
IS	7385	364	364	0	0
IS	7386	312	312	0	0
IS	7387	332	332	0	0
IS	7388	343	343	0	0
IS	7389	346	345	1	0
IS	7390	314	314	0	0
IS	7391	332	331	1	0
IS	7392	376	376	0	0
IS	7393	323	323	0	0
IS	7394	330	330	0	0
IS	7395	332	331	1	0
IS	7396	384	384	0	0
IS	7397	307	307	0	0
IS	7398	361	361	0	0
IS	7399	342	342	0	0
IS	7400	344	344	0	0
IS	7401	318	318	0	0
IS	7402	340	340	0	0
IS	7403	336	336	0	0
IS	7404	330	330	0	0
IS	7405	360	360	0	0
IS	7406	362	362	0	0
IS	7407	371	371	0	0
IS	7408	343	343	0	0
IS	7409	364	364	0	0
IS	7410	340	340	0	0
IS	7411	360	360	0	0
IS	7412	338	338	0	0
IS	7413	354	353	1	0
IS	7414	358	358	0	0
IS	7415	354	354	0	0
IS	7416	360	360	0	0
IS	7417	397	397	0	0
IS	7418	334	334	0	0
IS	7419	350	350	0	0
IS	7420	367	367	0	0
IS	7421	400	400	0	0
IS	7422	345	345	0	0
IS	7423	315	315	0	0
IS	7424	357	357	0	0
IS	7425	352	352	0	0
IS	7426	333	333	0	0
IS	7427	391	391	0	0
IS	7428	337	337	0	0
IS	7429	364	364	0	0
IS	7430	372	372	0	0
IS	7431	361	361	0	0
IS	7432	376	376	0	0
IS	7433	397	397	0	0
IS	7434	409	409	0	0
IS	7435	377	377	0	0
IS	7436	389	389	0	0
IS	7437	392	392	0	0
IS	7438	387	387	0	0
IS	7439	411	411	0	0
IS	7440	373	373	0	0
IS	7441	372	372	0	0
IS	7442	388	388	0	0
IS	7443	413	413	0	0
IS	7444	378	378	0	0
IS	7445	384	384	0	0
IS	7446	412	412	0	0
IS	7447	350	350	0	0
IS	7448	425	424	1	0
IS	7449	384	383	1	0
IS	7450	351	351	0	0
IS	7451	393	393	0	0
IS	7452	366	366	0	0
IS	7453	372	372	0	0
IS	7454	398	398	0	0
IS	7455	366	366	0	0
IS	7456	424	424	0	0
IS	7457	374	374	0	0
IS	7458	397	397	0	0
IS	7459	417	417	0	0
IS	7460	421	421	0	0
IS	7461	375	375	0	0
IS	7462	338	338	0	0
IS	7463	380	380	0	0
IS	7464	369	369	0	0
IS	7465	368	368	0	0
IS	7466	367	367	0	0
IS	7467	369	369	0	0
IS	7468	382	382	0	0
IS	7469	364	364	0	0
IS	7470	364	364	0	0
IS	7471	401	401	0	0
IS	7472	338	338	0	0
IS	7473	403	403	0	0
IS	7474	354	354	0	0
IS	7475	366	366	0	0
IS	7476	354	354	0	0
IS	7477	337	337	0	0
IS	7478	365	365	0	0
IS	7479	367	367	0	0
IS	7480	372	372	0	0
IS	7481	365	365	0	0
IS	7482	344	344	0	0
IS	7483	384	384	0	0
IS	7484	341	341	0	0
IS	7485	384	384	0	0
IS	7486	361	361	0	0
IS	7487	346	346	0	0
IS	7488	384	384	0	0
IS	7489	336	336	0	0
IS	7490	357	357	0	0
IS	7491	376	376	0	0
IS	7492	306	306	0	0
IS	7493	361	361	0	0
IS	7494	369	369	0	0
IS	7495	363	363	0	0
IS	7496	372	372	0	0
IS	7497	325	325	0	0
IS	7498	381	381	0	0
IS	7499	356	356	0	0
IS	7500	364	364	0	0
IS	7501	354	354	0	0
IS	7502	359	359	0	0
IS	7503	379	379	0	0
IS	7504	356	356	0	0
IS	7505	356	356	0	0
IS	7506	403	403	0	0
IS	7507	371	371	0	0
IS	7508	380	380	0	0
IS	7509	340	340	0	0
IS	7510	369	369	0	0
IS	7511	384	384	0	0
IS	7512	369	369	0	0
IS	7513	378	378	0	0
IS	7514	365	365	0	0
IS	7515	328	328	0	0
IS	7516	376	376	0	0
IS	7517	379	379	0	0
IS	7518	368	368	0	0
IS	7519	377	377	0	0
IS	7520	332	332	0	0
IS	7521	397	397	0	0
IS	7522	366	366	0	0
IS	7523	361	361	0	0
IS	7524	364	364	0	0
IS	7525	372	372	0	0
IS	7526	385	385	0	0
IS	7527	364	364	0	0
IS	7528	359	359	0	0
IS	7529	337	337	0	0
IS	7530	332	332	0	0
IS	7531	417	417	0	0
IS	7532	365	365	0	0
IS	7533	360	360	0	0
IS	7534	334	334	0	0
IS	7535	352	352	0	0
IS	7536	342	342	0	0
IS	7537	365	365	0	0
IS	7538	377	377	0	0
IS	7539	345	345	0	0
IS	7540	334	334	0	0
IS	7541	309	309	0	0
IS	7542	337	337	0	0
IS	7543	376	376	0	0
IS	7544	346	346	0	0
IS	7545	361	361	0	0
IS	7546	360	360	0	0
IS	7547	385	385	0	0
IS	7548	365	365	0	0
IS	7549	325	325	0	0
IS	7550	356	356	0	0
IS	7551	345	345	0	0
IS	7552	355	355	0	0
IS	7553	333	333	0	0
IS	7554	357	357	0	0
IS	7555	364	364	0	0
IS	7556	359	359	0	0
IS	7557	343	343	0	0
IS	7558	339	339	0	0
IS	7559	347	347	0	0
IS	7560	385	385	0	0
IS	7561	368	368	0	0
IS	7562	340	340	0	0
IS	7563	382	382	0	0
IS	7564	352	352	0	0
IS	7565	386	386	0	0
IS	7566	359	359	0	0
IS	7567	375	375	0	0
IS	7568	372	372	0	0
IS	7569	346	346	0	0
IS	7570	328	328	0	0
IS	7571	395	395	0	0
IS	7572	376	376	0	0
IS	7573	369	369	0	0
IS	7574	320	320	0	0
IS	7575	395	395	0	0
IS	7576	359	359	0	0
IS	7577	389	389	0	0
IS	7578	329	329	0	0
IS	7579	360	360	0	0
IS	7580	367	367	0	0
IS	7581	353	353	0	0
IS	7582	345	345	0	0
IS	7583	381	381	0	0
IS	7584	380	380	0	0
IS	7585	373	373	0	0
IS	7586	378	378	0	0
IS	7587	348	348	0	0
IS	7588	361	361	0	0
IS	7589	394	394	0	0
IS	7590	346	345	1	0
IS	7591	345	345	0	0
IS	7592	358	358	0	0
IS	7593	381	381	0	0
IS	7594	369	369	0	0
IS	7595	346	346	0	0
IS	7596	357	357	0	0
IS	7597	326	326	0	0
IS	7598	340	340	0	0
IS	7599	355	355	0	0
IS	7600	331	331	0	0
IS	7601	360	359	1	0
IS	7602	308	308	0	0
IS	7603	314	314	0	0
IS	7604	326	326	0	0
IS	7605	357	357	0	0
IS	7606	347	347	0	0
IS	7607	338	338	0	0
IS	7608	349	349	0	0
IS	7609	335	335	0	0
IS	7610	322	322	0	0
IS	7611	344	344	0	0
IS	7612	289	289	0	0
IS	7613	309	309	0	0
IS	7614	303	303	0	0
IS	7615	306	306	0	0
IS	7616	303	303	0	0
IS	7617	296	296	0	0
IS	7618	340	340	0	0
IS	7619	321	321	0	0
IS	7620	285	285	0	0
IS	7621	308	308	0	0
IS	7622	338	338	0	0
IS	7623	328	328	0	0
IS	7624	307	307	0	0
IS	7625	290	290	0	0
IS	7626	311	311	0	0
IS	7627	334	334	0	0
IS	7628	358	358	0	0
IS	7629	316	316	0	0
IS	7630	301	301	0	0
IS	7631	327	327	0	0
IS	7632	342	342	0	0
IS	7633	302	302	0	0
IS	7634	326	326	0	0
IS	7635	313	313	0	0
IS	7636	316	316	0	0
IS	7637	311	311	0	0
IS	7638	294	294	0	0
IS	7639	298	298	0	0
IS	7640	328	328	0	0
IS	7641	304	304	0	0
IS	7642	304	304	0	0
IS	7643	311	311	0	0
IS	7644	300	300	0	0
IS	7645	319	319	0	0
IS	7646	302	302	0	0
IS	7647	320	320	0	0
IS	7648	300	300	0	0
IS	7649	300	300	0	0
IS	7650	267	267	0	0
IS	7651	319	319	0	0
IS	7652	310	310	0	0
IS	7653	330	330	0	0
IS	7654	305	305	0	0
IS	7655	298	298	0	0
IS	7656	297	297	0	0
IS	7657	339	339	0	0
IS	7658	298	298	0	0
IS	7659	341	339	2	0
IS	7660	311	311	0	0
IS	7661	330	330	0	0
IS	7662	291	291	0	0
IS	7663	310	310	0	0
IS	7664	329	329	0	0
IS	7665	312	312	0	0
IS	7666	309	309	0	0
IS	7667	317	317	0	0
IS	7668	298	298	0	0
IS	7669	301	301	0	0
IS	7670	311	311	0	0
IS	7671	270	270	0	0
IS	7672	280	280	0	0
IS	7673	267	267	0	0
IS	7674	314	314	0	0
IS	7675	313	313	0	0
IS	7676	328	328	0	0
IS	7677	302	302	0	0
IS	7678	345	345	0	0
IS	7679	335	335	0	0
IS	7680	310	310	0	0
IS	7681	290	290	0	0
IS	7682	338	338	0	0
IS	7683	309	309	0	0
IS	7684	353	353	0	0
IS	7685	299	299	0	0
IS	7686	320	320	0	0
IS	7687	308	308	0	0
IS	7688	372	372	0	0
IS	7689	317	317	0	0
IS	7690	288	288	0	0
IS	7691	334	334	0	0
IS	7692	321	321	0	0
IS	7693	268	268	0	0
IS	7694	335	335	0	0
IS	7695	313	313	0	0
IS	7696	315	315	0	0
IS	7697	282	282	0	0
IS	7698	303	303	0	0
IS	7699	273	273	0	0
IS	7700	277	277	0	0
IS	7701	292	292	0	0
IS	7702	297	297	0	0
IS	7703	297	297	0	0
IS	7704	300	300	0	0
IS	7705	281	281	0	0
IS	7706	279	279	0	0
IS	7707	280	280	0	0
IS	7708	283	283	0	0
IS	7709	312	312	0	0
IS	7710	318	318	0	0
IS	7711	332	332	0	0
IS	7712	248	248	0	0
IS	7713	294	294	0	0
IS	7714	286	286	0	0
IS	7715	288	288	0	0
IS	7716	283	283	0	0
IS	7717	268	268	0	0
IS	7718	277	277	0	0
IS	7719	255	255	0	0
IS	7720	290	290	0	0
IS	7721	268	268	0	0
IS	7722	335	335	0	0
IS	7723	339	339	0	0
IS	7724	268	268	0	0
IS	7725	294	294	0	0
IS	7726	289	289	0	0
IS	7727	284	284	0	0
IS	7728	313	313	0	0
IS	7729	322	322	0	0
IS	7730	309	309	0	0
IS	7731	242	242	0	0
IS	7732	304	304	0	0
IS	7733	295	295	0	0
IS	7734	283	283	0	0
IS	7735	301	301	0	0
IS	7736	260	260	0	0
IS	7737	302	302	0	0
IS	7738	298	298	0	0
IS	7739	315	315	0	0
IS	7740	321	320	1	0
IS	7741	260	260	0	0
IS	7742	244	244	0	0
IS	7743	323	323	0	0
IS	7744	290	290	0	0
IS	7745	278	278	0	0
IS	7746	280	280	0	0
IS	7747	296	296	0	0
IS	7748	297	297	0	0
IS	7749	307	307	0	0
IS	7750	284	284	0	0
IS	7751	296	296	0	0
IS	7752	260	260	0	0
IS	7753	300	300	0	0
IS	7754	291	291	0	0
IS	7755	277	277	0	0
IS	7756	280	280	0	0
IS	7757	241	241	0	0
IS	7758	285	285	0	0
IS	7759	274	274	0	0
IS	7760	273	273	0	0
IS	7761	290	290	0	0
IS	7762	296	296	0	0
IS	7763	264	264	0	0
IS	7764	271	271	0	0
IS	7765	291	291	0	0
IS	7766	272	272	0	0
IS	7767	269	269	0	0
IS	7768	294	294	0	0
IS	7769	299	299	0	0
IS	7770	292	292	0	0
IS	7771	292	292	0	0
IS	7772	289	289	0	0
IS	7773	255	255	0	0
IS	7774	290	290	0	0
IS	7775	289	289	0	0
IS	7776	257	257	0	0
IS	7777	273	273	0	0
IS	7778	279	279	0	0
IS	7779	300	300	0	0
IS	7780	306	305	1	0
IS	7781	258	258	0	0
IS	7782	282	282	0	0
IS	7783	332	332	0	0
IS	7784	244	244	0	0
IS	7785	284	284	0	0
IS	7786	302	302	0	0
IS	7787	318	318	0	0
IS	7788	317	317	0	0
IS	7789	297	297	0	0
IS	7790	315	315	0	0
IS	7791	242	242	0	0
IS	7792	281	281	0	0
IS	7793	250	250	0	0
IS	7794	297	297	0	0
IS	7795	302	302	0	0
IS	7796	288	288	0	0
IS	7797	289	289	0	0
IS	7798	261	261	0	0
IS	7799	274	274	0	0
IS	7800	299	299	0	0
IS	7801	266	266	0	0
IS	7802	306	306	0	0
IS	7803	280	280	0	0
IS	7804	283	283	0	0
IS	7805	258	258	0	0
IS	7806	282	282	0	0
IS	7807	276	276	0	0
IS	7808	301	300	1	0
IS	7809	276	276	0	0
IS	7810	306	306	0	0
IS	7811	298	298	0	0
IS	7812	296	296	0	0
IS	7813	279	279	0	0
IS	7814	287	287	0	0
IS	7815	284	284	0	0
IS	7816	307	307	0	0
IS	7817	280	280	0	0
IS	7818	312	312	0	0
IS	7819	295	294	1	0
IS	7820	297	297	0	0
IS	7821	272	272	0	0
IS	7822	289	289	0	0
IS	7823	330	330	0	0
IS	7824	313	313	0	0
IS	7825	330	330	0	0
IS	7826	278	278	0	0
IS	7827	283	283	0	0
IS	7828	259	259	0	0
IS	7829	265	265	0	0
IS	7830	322	322	0	0
IS	7831	254	254	0	0
IS	7832	252	252	0	0
IS	7833	274	274	0	0
IS	7834	279	279	0	0
IS	7835	320	320	0	0
IS	7836	304	304	0	0
IS	7837	297	297	0	0
IS	7838	249	249	0	0
IS	7839	313	313	0	0
IS	7840	326	326	0	0
IS	7841	320	320	0	0
IS	7842	262	262	0	0
IS	7843	303	303	0	0
IS	7844	288	288	0	0
IS	7845	293	293	0	0
IS	7846	319	319	0	0
IS	7847	336	336	0	0
IS	7848	281	281	0	0
IS	7849	325	325	0	0
IS	7850	316	316	0	0
IS	7851	284	284	0	0
IS	7852	316	316	0	0
IS	7853	296	296	0	0
IS	7854	309	309	0	0
IS	7855	295	295	0	0
IS	7856	292	292	0	0
IS	7857	287	287	0	0
IS	7858	296	296	0	0
IS	7859	319	319	0	0
IS	7860	315	315	0	0
IS	7861	295	295	0	0
IS	7862	312	312	0	0
IS	7863	286	286	0	0
IS	7864	311	311	0	0
IS	7865	265	265	0	0
IS	7866	369	369	0	0
IS	7867	289	289	0	0
IS	7868	313	313	0	0
IS	7869	322	322	0	0
IS	7870	271	271	0	0
IS	7871	323	323	0	0
IS	7872	281	281	0	0
IS	7873	314	314	0	0
IS	7874	334	334	0	0
IS	7875	286	286	0	0
IS	7876	294	294	0	0
IS	7877	298	298	0	0
IS	7878	289	289	0	0
IS	7879	302	302	0	0
IS	7880	289	289	0	0
IS	7881	303	303	0	0
IS	7882	292	292	0	0
IS	7883	301	301	0	0
IS	7884	324	324	0	0
IS	7885	331	331	0	0
IS	7886	304	304	0	0
IS	7887	313	313	0	0
IS	7888	315	315	0	0
IS	7889	312	312	0	0
IS	7890	318	318	0	0
IS	7891	316	316	0	0
IS	7892	303	303	0	0
IS	7893	296	296	0	0
IS	7894	308	308	0	0
IS	7895	299	299	0	0
IS	7896	283	283	0	0
IS	7897	308	308	0	0
IS	7898	296	296	0	0
IS	7899	303	303	0	0
IS	7900	297	297	0	0
IS	7901	303	303	0	0
IS	7902	285	284	1	0
IS	7903	264	264	0	0
IS	7904	293	293	0	0
IS	7905	283	282	1	0
IS	7906	288	288	0	0
IS	7907	258	258	0	0
IS	7908	283	283	0	0
IS	7909	285	285	0	0
IS	7910	303	303	0	0
IS	7911	266	266	0	0
IS	7912	280	280	0	0
IS	7913	298	298	0	0
IS	7914	300	300	0	0
IS	7915	282	282	0	0
IS	7916	305	305	0	0
IS	7917	271	271	0	0
IS	7918	264	264	0	0
IS	7919	270	270	0	0
IS	7920	327	327	0	0
IS	7921	291	291	0	0
IS	7922	297	297	0	0
IS	7923	260	260	0	0
IS	7924	231	231	0	0
IS	7925	330	330	0	0
IS	7926	303	303	0	0
IS	7927	290	290	0	0
IS	7928	319	319	0	0
IS	7929	276	276	0	0
IS	7930	308	308	0	0
IS	7931	235	235	0	0
IS	7932	309	309	0	0
IS	7933	272	272	0	0
IS	7934	279	279	0	0
IS	7935	283	283	0	0
IS	7936	258	258	0	0
IS	7937	293	293	0	0
IS	7938	268	268	0	0
IS	7939	264	264	0	0
IS	7940	263	263	0	0
IS	7941	263	263	0	0
IS	7942	237	237	0	0
IS	7943	331	331	0	0
IS	7944	264	264	0	0
IS	7945	295	295	0	0
IS	7946	298	298	0	0
IS	7947	286	286	0	0
IS	7948	261	260	1	0
IS	7949	304	304	0	0
IS	7950	254	254	0	0
IS	7951	275	275	0	0
IS	7952	284	284	0	0
IS	7953	260	260	0	0
IS	7954	275	275	0	0
IS	7955	279	279	0	0
IS	7956	246	246	0	0
IS	7957	258	258	0	0
IS	7958	216	216	0	0
IS	7959	290	290	0	0
IS	7960	234	234	0	0
IS	7961	262	262	0	0
IS	7962	213	213	0	0
IS	7963	248	248	0	0
IS	7964	247	247	0	0
IS	7965	244	244	0	0
IS	7966	236	236	0	0
IS	7967	256	256	0	0
IS	7968	261	261	0	0
IS	7969	254	254	0	0
IS	7970	286	286	0	0
IS	7971	256	256	0	0
IS	7972	248	248	0	0
IS	7973	276	276	0	0
IS	7974	265	265	0	0
IS	7975	227	227	0	0
IS	7976	288	288	0	0
IS	7977	252	252	0	0
IS	7978	256	256	0	0
IS	7979	222	222	0	0
IS	7980	200	200	0	0
IS	7981	250	250	0	0
IS	7982	252	252	0	0
IS	7983	259	259	0	0
IS	7984	249	249	0	0
IS	7985	250	250	0	0
IS	7986	253	253	0	0
IS	7987	246	246	0	0
IS	7988	215	215	0	0
IS	7989	232	232	0	0
IS	7990	256	256	0	0
IS	7991	206	206	0	0
IS	7992	238	238	0	0
IS	7993	238	238	0	0
IS	7994	243	243	0	0
IS	7995	247	247	0	0
IS	7996	255	255	0	0
IS	7997	264	264	0	0
IS	7998	239	239	0	0
IS	7999	259	259	0	0
IS	8000	2307564	2306746	818	0
# Read lengths. Use `grep ^RL | cut -f 2-` to extract this part. The columns are: read length, count
RL	35	2631
RL	36	2665
RL	37	2832
RL	38	3235
RL	39	3794
RL	40	6067
RL	41	10644
RL	42	13486
RL	43	37396
RL	44	9178
RL	45	26671
RL	46	89735
RL	47	2502
RL	48	2644
RL	49	2806
RL	50	2624
RL	51	65400440
# Read lengths - first fragments. Use `grep ^FRL | cut -f 2-` to extract this part. The columns are: read length, count
FRL	35	1310
FRL	36	1329
FRL	37	1416
FRL	38	1599
FRL	39	1892
FRL	40	2992
FRL	41	5274
FRL	42	6644
FRL	43	18589
FRL	44	4595
FRL	45	13131
FRL	46	44671
FRL	47	1251
FRL	48	1322
FRL	49	1403
FRL	50	1312
FRL	51	32700945
# Read lengths - last fragments. Use `grep ^LRL | cut -f 2-` to extract this part. The columns are: read length, count
LRL	35	1321
LRL	36	1336
LRL	37	1416
LRL	38	1636
LRL	39	1902
LRL	40	3075
LRL	41	5370
LRL	42	6842
LRL	43	18807
LRL	44	4583
LRL	45	13540
LRL	46	45064
LRL	47	1251
LRL	48	1322
LRL	49	1403
LRL	50	1312
LRL	51	32699495
# Indel distribution. Use `grep ^ID | cut -f 2-` to extract this part. The columns are: length, number of insertions, number of deletions
ID	1	41067	34709
ID	2	6654	13400
ID	3	1201	1729
ID	4	2593	1096
ID	5	169	779
ID	6	77	6269
ID	7	29	110
ID	8	0	81
ID	9	0	22
ID	10	0	4
ID	11	0	6
ID	13	0	1
# Indels per cycle. Use `grep ^IC | cut -f 2-` to extract this part. The columns are: cycle, number of insertions (fwd), .. (rev) , number of deletions (fwd), .. (rev)
IC	5	0	0	0	1
IC	6	0	1	9	8
IC	7	4	3	50	44
IC	8	40	30	109	87
IC	9	125	117	158	181
IC	10	285	291	280	297
IC	11	456	435	444	387
IC	12	564	517	467	510
IC	13	547	536	605	551
IC	14	598	615	616	623
IC	15	508	512	831	819
IC	16	468	452	906	865
IC	17	538	545	924	965
IC	18	629	582	956	948
IC	19	687	645	991	977
IC	20	820	841	1113	1016
IC	21	930	884	1100	1095
IC	22	1170	1167	1028	1086
IC	23	1056	1036	1167	1225
IC	24	1413	1411	1304	1282
IC	25	1467	1524	1342	1320
IC	26	918	921	1221	1249
IC	27	1669	1668	1164	1196
IC	28	964	1086	1175	1132
IC	29	1059	1115	1116	1047
IC	30	974	1049	928	1010
IC	31	1045	1058	976	1055
IC	32	873	956	969	977
IC	33	789	746	951	988
IC	34	720	679	905	983
IC	35	629	633	907	933
IC	36	554	548	900	882
IC	37	544	559	827	838
IC	38	605	539	747	728
IC	39	671	597	609	668
IC	40	738	670	572	539
IC	41	563	566	379	344
IC	42	226	223	154	133
IC	43	62	73	85	85
IC	44	18	17	44	41
IC	45	6	4	24	28
IC	46	1	2	4	4
IC	47	4	0	0	2
# Coverage distribution. Use `grep ^COV | cut -f 2-` to extract this part.
COV	[1-1]	1	165656512
COV	[2-2]	2	46011023
COV	[3-3]	3	18400624
COV	[4-4]	4	9575235
COV	[5-5]	5	5949418
COV	[6-6]	6	4160683
COV	[7-7]	7	3156237
COV	[8-8]	8	2538341
COV	[9-9]	9	2127862
COV	[10-10]	10	1828920
COV	[11-11]	11	1606410
COV	[12-12]	12	1440691
COV	[13-13]	13	1306382
COV	[14-14]	14	1202267
COV	[15-15]	15	1115119
COV	[16-16]	16	1040396
COV	[17-17]	17	977911
COV	[18-18]	18	923951
COV	[19-19]	19	875627
COV	[20-20]	20	831786
COV	[21-21]	21	791564
COV	[22-22]	22	756322
COV	[23-23]	23	722435
COV	[24-24]	24	690036
COV	[25-25]	25	661647
COV	[26-26]	26	633496
COV	[27-27]	27	608168
COV	[28-28]	28	584869
COV	[29-29]	29	563244
COV	[30-30]	30	541696
COV	[31-31]	31	521339
COV	[32-32]	32	502813
COV	[33-33]	33	483347
COV	[34-34]	34	465416
COV	[35-35]	35	449187
COV	[36-36]	36	431986
COV	[37-37]	37	417822
COV	[38-38]	38	402644
COV	[39-39]	39	389603
COV	[40-40]	40	376041
COV	[41-41]	41	365255
COV	[42-42]	42	352241
COV	[43-43]	43	340663
COV	[44-44]	44	331856
COV	[45-45]	45	321948
COV	[46-46]	46	313230
COV	[47-47]	47	302466
COV	[48-48]	48	294083
COV	[49-49]	49	283919
COV	[50-50]	50	277579
COV	[51-51]	51	269777
COV	[52-52]	52	261251
COV	[53-53]	53	255802
COV	[54-54]	54	246608
COV	[55-55]	55	241001
COV	[56-56]	56	234514
COV	[57-57]	57	227976
COV	[58-58]	58	222686
COV	[59-59]	59	215687
COV	[60-60]	60	210202
COV	[61-61]	61	204566
COV	[62-62]	62	199593
COV	[63-63]	63	194200
COV	[64-64]	64	188423
COV	[65-65]	65	183450
COV	[66-66]	66	177869
COV	[67-67]	67	173974
COV	[68-68]	68	169914
COV	[69-69]	69	164622
COV	[70-70]	70	161483
COV	[71-71]	71	157267
COV	[72-72]	72	153545
COV	[73-73]	73	149038
COV	[74-74]	74	145872
COV	[75-75]	75	142219
COV	[76-76]	76	139210
COV	[77-77]	77	136208
COV	[78-78]	78	132178
COV	[79-79]	79	129736
COV	[80-80]	80	126681
COV	[81-81]	81	124016
COV	[82-82]	82	121221
COV	[83-83]	83	117584
COV	[84-84]	84	114627
COV	[85-85]	85	111364
COV	[86-86]	86	108778
COV	[87-87]	87	107307
COV	[88-88]	88	104990
COV	[89-89]	89	102531
COV	[90-90]	90	99869
COV	[91-91]	91	98165
COV	[92-92]	92	96067
COV	[93-93]	93	93918
COV	[94-94]	94	91311
COV	[95-95]	95	89773
COV	[96-96]	96	88234
COV	[97-97]	97	86496
COV	[98-98]	98	84497
COV	[99-99]	99	83128
COV	[100-100]	100	82160
COV	[101-101]	101	80040
COV	[102-102]	102	78569
COV	[103-103]	103	77359
COV	[104-104]	104	75858
COV	[105-105]	105	74336
COV	[106-106]	106	72948
COV	[107-107]	107	71473
COV	[108-108]	108	70320
COV	[109-109]	109	69061
COV	[110-110]	110	67699
COV	[111-111]	111	66693
COV	[112-112]	112	65352
COV	[113-113]	113	64522
COV	[114-114]	114	62882
COV	[115-115]	115	61917
COV	[116-116]	116	61132
COV	[117-117]	117	59617
COV	[118-118]	118	58624
COV	[119-119]	119	57179
COV	[120-120]	120	56550
COV	[121-121]	121	55886
COV	[122-122]	122	54704
COV	[123-123]	123	53543
COV	[124-124]	124	51992
COV	[125-125]	125	51388
COV	[126-126]	126	50479
COV	[127-127]	127	49737
COV	[128-128]	128	48688
COV	[129-129]	129	47590
COV	[130-130]	130	47804
COV	[131-131]	131	46600
COV	[132-132]	132	46524
COV	[133-133]	133	45461
COV	[134-134]	134	44757
COV	[135-135]	135	44081
COV	[136-136]	136	43141
COV	[137-137]	137	42540
COV	[138-138]	138	41777
COV	[139-139]	139	41320
COV	[140-140]	140	41199
COV	[141-141]	141	40257
COV	[142-142]	142	39453
COV	[143-143]	143	39066
COV	[144-144]	144	38361
COV	[145-145]	145	37847
COV	[146-146]	146	37088
COV	[147-147]	147	36756
COV	[148-148]	148	36093
COV	[149-149]	149	35583
COV	[150-150]	150	35317
COV	[151-151]	151	34392
COV	[152-152]	152	34264
COV	[153-153]	153	33710
COV	[154-154]	154	33315
COV	[155-155]	155	33214
COV	[156-156]	156	32382
COV	[157-157]	157	32326
COV	[158-158]	158	31313
COV	[159-159]	159	31136
COV	[160-160]	160	30900
COV	[161-161]	161	30280
COV	[162-162]	162	30262
COV	[163-163]	163	29185
COV	[164-164]	164	29255
COV	[165-165]	165	28456
COV	[166-166]	166	28450
COV	[167-167]	167	27767
COV	[168-168]	168	27335
COV	[169-169]	169	26932
COV	[170-170]	170	26454
COV	[171-171]	171	26148
COV	[172-172]	172	25755
COV	[173-173]	173	25279
COV	[174-174]	174	24905
COV	[175-175]	175	24612
COV	[176-176]	176	24389
COV	[177-177]	177	24240
COV	[178-178]	178	23654
COV	[179-179]	179	24184
COV	[180-180]	180	23026
COV	[181-181]	181	23148
COV	[182-182]	182	22653
COV	[183-183]	183	22294
COV	[184-184]	184	22074
COV	[185-185]	185	21563
COV	[186-186]	186	21606
COV	[187-187]	187	21431
COV	[188-188]	188	21084
COV	[189-189]	189	20720
COV	[190-190]	190	20438
COV	[191-191]	191	20214
COV	[192-192]	192	19809
COV	[193-193]	193	20172
COV	[194-194]	194	19476
COV	[195-195]	195	19457
COV	[196-196]	196	19070
COV	[197-197]	197	19159
COV	[198-198]	198	18639
COV	[199-199]	199	18544
COV	[200-200]	200	18344
COV	[201-201]	201	18120
COV	[202-202]	202	17858
COV	[203-203]	203	17548
COV	[204-204]	204	17434
COV	[205-205]	205	17309
COV	[206-206]	206	17101
COV	[207-207]	207	16977
COV	[208-208]	208	16949
COV	[209-209]	209	16618
COV	[210-210]	210	16442
COV	[211-211]	211	16396
COV	[212-212]	212	16000
COV	[213-213]	213	15758
COV	[214-214]	214	15553
COV	[215-215]	215	15489
COV	[216-216]	216	15134
COV	[217-217]	217	15060
COV	[218-218]	218	15042
COV	[219-219]	219	14982
COV	[220-220]	220	14874
COV	[221-221]	221	14817
COV	[222-222]	222	14665
COV	[223-223]	223	14299
COV	[224-224]	224	14293
COV	[225-225]	225	14123
COV	[226-226]	226	14018
COV	[227-227]	227	13883
COV	[228-228]	228	13772
COV	[229-229]	229	13719
COV	[230-230]	230	13624
COV	[231-231]	231	13141
COV	[232-232]	232	13288
COV	[233-233]	233	13075
COV	[234-234]	234	13105
COV	[235-235]	235	12786
COV	[236-236]	236	12632
COV	[237-237]	237	12603
COV	[238-238]	238	12423
COV	[239-239]	239	12414
COV	[240-240]	240	12266
COV	[241-241]	241	11979
COV	[242-242]	242	11943
COV	[243-243]	243	12021
COV	[244-244]	244	11687
COV	[245-245]	245	11599
COV	[246-246]	246	11749
COV	[247-247]	247	11444
COV	[248-248]	248	11368
COV	[249-249]	249	11229
COV	[250-250]	250	11008
COV	[251-251]	251	10768
COV	[252-252]	252	10712
COV	[253-253]	253	10617
COV	[254-254]	254	10640
COV	[255-255]	255	10577
COV	[256-256]	256	10357
COV	[257-257]	257	10336
COV	[258-258]	258	10293
COV	[259-259]	259	10045
COV	[260-260]	260	10029
COV	[261-261]	261	9835
COV	[262-262]	262	9719
COV	[263-263]	263	9876
COV	[264-264]	264	9756
COV	[265-265]	265	9590
COV	[266-266]	266	9492
COV	[267-267]	267	9250
COV	[268-268]	268	9352
COV	[269-269]	269	9116
COV	[270-270]	270	9073
COV	[271-271]	271	8996
COV	[272-272]	272	8805
COV	[273-273]	273	8849
COV	[274-274]	274	8820
COV	[275-275]	275	8647
COV	[276-276]	276	8551
COV	[277-277]	277	8722
COV	[278-278]	278	8430
COV	[279-279]	279	8594
COV	[280-280]	280	8435
COV	[281-281]	281	8352
COV	[282-282]	282	8208
COV	[283-283]	283	8005
COV	[284-284]	284	8142
COV	[285-285]	285	7954
COV	[286-286]	286	8011
COV	[287-287]	287	7859
COV	[288-288]	288	7821
COV	[289-289]	289	7707
COV	[290-290]	290	7632
COV	[291-291]	291	7589
COV	[292-292]	292	7347
COV	[293-293]	293	7567
COV	[294-294]	294	7511
COV	[295-295]	295	7318
COV	[296-296]	296	7291
COV	[297-297]	297	7125
COV	[298-298]	298	7149
COV	[299-299]	299	6968
COV	[300-300]	300	7016
COV	[301-301]	301	6917
COV	[302-302]	302	6994
COV	[303-303]	303	6696
COV	[304-304]	304	6797
COV	[305-305]	305	6906
COV	[306-306]	306	6592
COV	[307-307]	307	6385
COV	[308-308]	308	6518
COV	[309-309]	309	6436
COV	[310-310]	310	6554
COV	[311-311]	311	6257
COV	[312-312]	312	6225
COV	[313-313]	313	6270
COV	[314-314]	314	6067
COV	[315-315]	315	6159
COV	[316-316]	316	6124
COV	[317-317]	317	6088
COV	[318-318]	318	6004
COV	[319-319]	319	5828
COV	[320-320]	320	6108
COV	[321-321]	321	5863
COV	[322-322]	322	5722
COV	[323-323]	323	5906
COV	[324-324]	324	5783
COV	[325-325]	325	5744
COV	[326-326]	326	5782
COV	[327-327]	327	5692
COV	[328-328]	328	5697
COV	[329-329]	329	5647
COV	[330-330]	330	5510
COV	[331-331]	331	5362
COV	[332-332]	332	5282
COV	[333-333]	333	5394
COV	[334-334]	334	5245
COV	[335-335]	335	5316
COV	[336-336]	336	5243
COV	[337-337]	337	5125
COV	[338-338]	338	5203
COV	[339-339]	339	5100
COV	[340-340]	340	5184
COV	[341-341]	341	5150
COV	[342-342]	342	4980
COV	[343-343]	343	5059
COV	[344-344]	344	5033
COV	[345-345]	345	5064
COV	[346-346]	346	4958
COV	[347-347]	347	4873
COV	[348-348]	348	4929
COV	[349-349]	349	4800
COV	[350-350]	350	4799
COV	[351-351]	351	4857
COV	[352-352]	352	4658
COV	[353-353]	353	4598
COV	[354-354]	354	4768
COV	[355-355]	355	4660
COV	[356-356]	356	4596
COV	[357-357]	357	4609
COV	[358-358]	358	4613
COV	[359-359]	359	4551
COV	[360-360]	360	4474
COV	[361-361]	361	4643
COV	[362-362]	362	4434
COV	[363-363]	363	4553
COV	[364-364]	364	4431
COV	[365-365]	365	4396
COV	[366-366]	366	4380
COV	[367-367]	367	4301
COV	[368-368]	368	4322
COV	[369-369]	369	4345
COV	[370-370]	370	4329
COV	[371-371]	371	4217
COV	[372-372]	372	4334
COV	[373-373]	373	4360
COV	[374-374]	374	4247
COV	[375-375]	375	4047
COV	[376-376]	376	4085
COV	[377-377]	377	4101
COV	[378-378]	378	4159
COV	[379-379]	379	4026
COV	[380-380]	380	3947
COV	[381-381]	381	4061
COV	[382-382]	382	4082
COV	[383-383]	383	3979
COV	[384-384]	384	3897
COV	[385-385]	385	3875
COV	[386-386]	386	3788
COV	[387-387]	387	3894
COV	[388-388]	388	3787
COV	[389-389]	389	3824
COV	[390-390]	390	3823
COV	[391-391]	391	3696
COV	[392-392]	392	3610
COV	[393-393]	393	3706
COV	[394-394]	394	3648
COV	[395-395]	395	3530
COV	[396-396]	396	3644
COV	[397-397]	397	3658
COV	[398-398]	398	3537
COV	[399-399]	399	3606
COV	[400-400]	400	3448
COV	[401-401]	401	3462
COV	[402-402]	402	3451
COV	[403-403]	403	3444
COV	[404-404]	404	3370
COV	[405-405]	405	3458
COV	[406-406]	406	3489
COV	[407-407]	407	3237
COV	[408-408]	408	3332
COV	[409-409]	409	3267
COV	[410-410]	410	3209
COV	[411-411]	411	3184
COV	[412-412]	412	3102
COV	[413-413]	413	3226
COV	[414-414]	414	3083
COV	[415-415]	415	3134
COV	[416-416]	416	3054
COV	[417-417]	417	3074
COV	[418-418]	418	3025
COV	[419-419]	419	2985
COV	[420-420]	420	3023
COV	[421-421]	421	3026
COV	[422-422]	422	2874
COV	[423-423]	423	2852
COV	[424-424]	424	2849
COV	[425-425]	425	2786
COV	[426-426]	426	2880
COV	[427-427]	427	2766
COV	[428-428]	428	2910
COV	[429-429]	429	2799
COV	[430-430]	430	2826
COV	[431-431]	431	2799
COV	[432-432]	432	2737
COV	[433-433]	433	2769
COV	[434-434]	434	2672
COV	[435-435]	435	2773
COV	[436-436]	436	2661
COV	[437-437]	437	2784
COV	[438-438]	438	2619
COV	[439-439]	439	2692
COV	[440-440]	440	2550
COV	[441-441]	441	2613
COV	[442-442]	442	2665
COV	[443-443]	443	2651
COV	[444-444]	444	2600
COV	[445-445]	445	2673
COV	[446-446]	446	2541
COV	[447-447]	447	2450
COV	[448-448]	448	2544
COV	[449-449]	449	2457
COV	[450-450]	450	2544
COV	[451-451]	451	2547
COV	[452-452]	452	2451
COV	[453-453]	453	2459
COV	[454-454]	454	2452
COV	[455-455]	455	2518
COV	[456-456]	456	2452
COV	[457-457]	457	2386
COV	[458-458]	458	2427
COV	[459-459]	459	2317
COV	[460-460]	460	2321
COV	[461-461]	461	2417
COV	[462-462]	462	2441
COV	[463-463]	463	2346
COV	[464-464]	464	2255
COV	[465-465]	465	2342
COV	[466-466]	466	2303
COV	[467-467]	467	2299
COV	[468-468]	468	2255
COV	[469-469]	469	2244
COV	[470-470]	470	2215
COV	[471-471]	471	2191
COV	[472-472]	472	2239
COV	[473-473]	473	2208
COV	[474-474]	474	2239
COV	[475-475]	475	2135
COV	[476-476]	476	2123
COV	[477-477]	477	2069
COV	[478-478]	478	2094
COV	[479-479]	479	2072
COV	[480-480]	480	2049
COV	[481-481]	481	2062
COV	[482-482]	482	2026
COV	[483-483]	483	2112
COV	[484-484]	484	2009
COV	[485-485]	485	2033
COV	[486-486]	486	2042
COV	[487-487]	487	2051
COV	[488-488]	488	2030
COV	[489-489]	489	2053
COV	[490-490]	490	1997
COV	[491-491]	491	1972
COV	[492-492]	492	1955
COV	[493-493]	493	2008
COV	[494-494]	494	1928
COV	[495-495]	495	1897
COV	[496-496]	496	1981
COV	[497-497]	497	1848
COV	[498-498]	498	1923
COV	[499-499]	499	1899
COV	[500-500]	500	1889
COV	[501-501]	501	1891
COV	[502-502]	502	1894
COV	[503-503]	503	1806
COV	[504-504]	504	1866
COV	[505-505]	505	1918
COV	[506-506]	506	1754
COV	[507-507]	507	1844
COV	[508-508]	508	1833
COV	[509-509]	509	1714
COV	[510-510]	510	1790
COV	[511-511]	511	1761
COV	[512-512]	512	1722
COV	[513-513]	513	1734
COV	[514-514]	514	1681
COV	[515-515]	515	1819
COV	[516-516]	516	1747
COV	[517-517]	517	1766
COV	[518-518]	518	1722
COV	[519-519]	519	1798
COV	[520-520]	520	1633
COV	[521-521]	521	1684
COV	[522-522]	522	1667
COV	[523-523]	523	1668
COV	[524-524]	524	1689
COV	[525-525]	525	1683
COV	[526-526]	526	1572
COV	[527-527]	527	1610
COV	[528-528]	528	1570
COV	[529-529]	529	1566
COV	[530-530]	530	1641
COV	[531-531]	531	1616
COV	[532-532]	532	1629
COV	[533-533]	533	1615
COV	[534-534]	534	1504
COV	[535-535]	535	1520
COV	[536-536]	536	1576
COV	[537-537]	537	1586
COV	[538-538]	538	1535
COV	[539-539]	539	1491
COV	[540-540]	540	1522
COV	[541-541]	541	1532
COV	[542-542]	542	1595
COV	[543-543]	543	1485
COV	[544-544]	544	1475
COV	[545-545]	545	1530
COV	[546-546]	546	1434
COV	[547-547]	547	1465
COV	[548-548]	548	1417
COV	[549-549]	549	1421
COV	[550-550]	550	1435
COV	[551-551]	551	1324
COV	[552-552]	552	1433
COV	[553-553]	553	1395
COV	[554-554]	554	1439
COV	[555-555]	555	1390
COV	[556-556]	556	1414
COV	[557-557]	557	1318
COV	[558-558]	558	1325
COV	[559-559]	559	1333
COV	[560-560]	560	1321
COV	[561-561]	561	1282
COV	[562-562]	562	1343
COV	[563-563]	563	1321
COV	[564-564]	564	1336
COV	[565-565]	565	1277
COV	[566-566]	566	1328
COV	[567-567]	567	1294
COV	[568-568]	568	1291
COV	[569-569]	569	1263
COV	[570-570]	570	1275
COV	[571-571]	571	1351
COV	[572-572]	572	1319
COV	[573-573]	573	1331
COV	[574-574]	574	1254
COV	[575-575]	575	1284
COV	[576-576]	576	1274
COV	[577-577]	577	1285
COV	[578-578]	578	1161
COV	[579-579]	579	1227
COV	[580-580]	580	1195
COV	[581-581]	581	1169
COV	[582-582]	582	1189
COV	[583-583]	583	1171
COV	[584-584]	584	1178
COV	[585-585]	585	1210
COV	[586-586]	586	1225
COV	[587-587]	587	1154
COV	[588-588]	588	1156
COV	[589-589]	589	1082
COV	[590-590]	590	1180
COV	[591-591]	591	1140
COV	[592-592]	592	1191
COV	[593-593]	593	1232
COV	[594-594]	594	1094
COV	[595-595]	595	1155
COV	[596-596]	596	1133
COV	[597-597]	597	1130
COV	[598-598]	598	1120
COV	[599-599]	599	1101
COV	[600-600]	600	1103
COV	[601-601]	601	1111
COV	[602-602]	602	1101
COV	[603-603]	603	1064
COV	[604-604]	604	1065
COV	[605-605]	605	1069
COV	[606-606]	606	1067
COV	[607-607]	607	1113
COV	[608-608]	608	1063
COV	[609-609]	609	985
COV	[610-610]	610	1029
COV	[611-611]	611	1095
COV	[612-612]	612	1007
COV	[613-613]	613	1051
COV	[614-614]	614	982
COV	[615-615]	615	989
COV	[616-616]	616	1035
COV	[617-617]	617	1035
COV	[618-618]	618	1020
COV	[619-619]	619	1003
COV	[620-620]	620	981
COV	[621-621]	621	960
COV	[622-622]	622	995
COV	[623-623]	623	951
COV	[624-624]	624	947
COV	[625-625]	625	975
COV	[626-626]	626	905
COV	[627-627]	627	959
COV	[628-628]	628	935
COV	[629-629]	629	947
COV	[630-630]	630	913
COV	[631-631]	631	940
COV	[632-632]	632	945
COV	[633-633]	633	916
COV	[634-634]	634	923
COV	[635-635]	635	914
COV	[636-636]	636	909
COV	[637-637]	637	886
COV	[638-638]	638	922
COV	[639-639]	639	854
COV	[640-640]	640	909
COV	[641-641]	641	901
COV	[642-642]	642	883
COV	[643-643]	643	887
COV	[644-644]	644	844
COV	[645-645]	645	854
COV	[646-646]	646	847
COV	[647-647]	647	828
COV	[648-648]	648	868
COV	[649-649]	649	855
COV	[650-650]	650	820
COV	[651-651]	651	810
COV	[652-652]	652	836
COV	[653-653]	653	871
COV	[654-654]	654	886
COV	[655-655]	655	868
COV	[656-656]	656	812
COV	[657-657]	657	820
COV	[658-658]	658	800
COV	[659-659]	659	865
COV	[660-660]	660	832
COV	[661-661]	661	820
COV	[662-662]	662	774
COV	[663-663]	663	810
COV	[664-664]	664	773
COV	[665-665]	665	776
COV	[666-666]	666	751
COV	[667-667]	667	770
COV	[668-668]	668	786
COV	[669-669]	669	752
COV	[670-670]	670	727
COV	[671-671]	671	845
COV	[672-672]	672	758
COV	[673-673]	673	742
COV	[674-674]	674	779
COV	[675-675]	675	764
COV	[676-676]	676	740
COV	[677-677]	677	756
COV	[678-678]	678	772
COV	[679-679]	679	784
COV	[680-680]	680	801
COV	[681-681]	681	746
COV	[682-682]	682	748
COV	[683-683]	683	789
COV	[684-684]	684	787
COV	[685-685]	685	733
COV	[686-686]	686	732
COV	[687-687]	687	753
COV	[688-688]	688	728
COV	[689-689]	689	792
COV	[690-690]	690	715
COV	[691-691]	691	779
COV	[692-692]	692	752
COV	[693-693]	693	742
COV	[694-694]	694	776
COV	[695-695]	695	651
COV	[696-696]	696	763
COV	[697-697]	697	725
COV	[698-698]	698	706
COV	[699-699]	699	733
COV	[700-700]	700	719
COV	[701-701]	701	669
COV	[702-702]	702	710
COV	[703-703]	703	739
COV	[704-704]	704	670
COV	[705-705]	705	674
COV	[706-706]	706	695
COV	[707-707]	707	697
COV	[708-708]	708	670
COV	[709-709]	709	712
COV	[710-710]	710	667
COV	[711-711]	711	679
COV	[712-712]	712	689
COV	[713-713]	713	684
COV	[714-714]	714	694
COV	[715-715]	715	691
COV	[716-716]	716	615
COV	[717-717]	717	627
COV	[718-718]	718	660
COV	[719-719]	719	651
COV	[720-720]	720	666
COV	[721-721]	721	624
COV	[722-722]	722	663
COV	[723-723]	723	666
COV	[724-724]	724	613
COV	[725-725]	725	664
COV	[726-726]	726	646
COV	[727-727]	727	656
COV	[728-728]	728	601
COV	[729-729]	729	586
COV	[730-730]	730	642
COV	[731-731]	731	637
COV	[732-732]	732	624
COV	[733-733]	733	618
COV	[734-734]	734	575
COV	[735-735]	735	594
COV	[736-736]	736	647
COV	[737-737]	737	609
COV	[738-738]	738	609
COV	[739-739]	739	616
COV	[740-740]	740	645
COV	[741-741]	741	609
COV	[742-742]	742	634
COV	[743-743]	743	580
COV	[744-744]	744	631
COV	[745-745]	745	608
COV	[746-746]	746	599
COV	[747-747]	747	602
COV	[748-748]	748	611
COV	[749-749]	749	591
COV	[750-750]	750	597
COV	[751-751]	751	615
COV	[752-752]	752	611
COV	[753-753]	753	545
COV	[754-754]	754	585
COV	[755-755]	755	597
COV	[756-756]	756	594
COV	[757-757]	757	561
COV	[758-758]	758	538
COV	[759-759]	759	560
COV	[760-760]	760	588
COV	[761-761]	761	541
COV	[762-762]	762	586
COV	[763-763]	763	616
COV	[764-764]	764	580
COV	[765-765]	765	569
COV	[766-766]	766	559
COV	[767-767]	767	609
COV	[768-768]	768	604
COV	[769-769]	769	548
COV	[770-770]	770	566
COV	[771-771]	771	543
COV	[772-772]	772	584
COV	[773-773]	773	572
COV	[774-774]	774	607
COV	[775-775]	775	568
COV	[776-776]	776	522
COV	[777-777]	777	545
COV	[778-778]	778	541
COV	[779-779]	779	557
COV	[780-780]	780	539
COV	[781-781]	781	556
COV	[782-782]	782	557
COV	[783-783]	783	522
COV	[784-784]	784	501
COV	[785-785]	785	518
COV	[786-786]	786	529
COV	[787-787]	787	548
COV	[788-788]	788	516
COV	[789-789]	789	526
COV	[790-790]	790	545
COV	[791-791]	791	537
COV	[792-792]	792	524
COV	[793-793]	793	462
COV	[794-794]	794	521
COV	[795-795]	795	509
COV	[796-796]	796	493
COV	[797-797]	797	501
COV	[798-798]	798	551
COV	[799-799]	799	539
COV	[800-800]	800	532
COV	[801-801]	801	496
COV	[802-802]	802	524
COV	[803-803]	803	466
COV	[804-804]	804	497
COV	[805-805]	805	487
COV	[806-806]	806	477
COV	[807-807]	807	485
COV	[808-808]	808	503
COV	[809-809]	809	535
COV	[810-810]	810	495
COV	[811-811]	811	497
COV	[812-812]	812	461
COV	[813-813]	813	476
COV	[814-814]	814	486
COV	[815-815]	815	465
COV	[816-816]	816	485
COV	[817-817]	817	453
COV	[818-818]	818	450
COV	[819-819]	819	474
COV	[820-820]	820	481
COV	[821-821]	821	453
COV	[822-822]	822	469
COV	[823-823]	823	447
COV	[824-824]	824	440
COV	[825-825]	825	493
COV	[826-826]	826	459
COV	[827-827]	827	465
COV	[828-828]	828	458
COV	[829-829]	829	471
COV	[830-830]	830	467
COV	[831-831]	831	424
COV	[832-832]	832	492
COV	[833-833]	833	438
COV	[834-834]	834	420
COV	[835-835]	835	438
COV	[836-836]	836	442
COV	[837-837]	837	485
COV	[838-838]	838	442
COV	[839-839]	839	446
COV	[840-840]	840	440
COV	[841-841]	841	443
COV	[842-842]	842	425
COV	[843-843]	843	450
COV	[844-844]	844	415
COV	[845-845]	845	430
COV	[846-846]	846	440
COV	[847-847]	847	448
COV	[848-848]	848	414
COV	[849-849]	849	411
COV	[850-850]	850	475
COV	[851-851]	851	441
COV	[852-852]	852	431
COV	[853-853]	853	385
COV	[854-854]	854	456
COV	[855-855]	855	472
COV	[856-856]	856	426
COV	[857-857]	857	454
COV	[858-858]	858	424
COV	[859-859]	859	410
COV	[860-860]	860	442
COV	[861-861]	861	404
COV	[862-862]	862	418
COV	[863-863]	863	407
COV	[864-864]	864	413
COV	[865-865]	865	439
COV	[866-866]	866	445
COV	[867-867]	867	386
COV	[868-868]	868	432
COV	[869-869]	869	432
COV	[870-870]	870	440
COV	[871-871]	871	417
COV	[872-872]	872	402
COV	[873-873]	873	414
COV	[874-874]	874	423
COV	[875-875]	875	407
COV	[876-876]	876	409
COV	[877-877]	877	427
COV	[878-878]	878	388
COV	[879-879]	879	424
COV	[880-880]	880	386
COV	[881-881]	881	384
COV	[882-882]	882	371
COV	[883-883]	883	376
COV	[884-884]	884	392
COV	[885-885]	885	411
COV	[886-886]	886	410
COV	[887-887]	887	407
COV	[888-888]	888	407
COV	[889-889]	889	384
COV	[890-890]	890	422
COV	[891-891]	891	401
COV	[892-892]	892	394
COV	[893-893]	893	394
COV	[894-894]	894	359
COV	[895-895]	895	384
COV	[896-896]	896	398
COV	[897-897]	897	398
COV	[898-898]	898	409
COV	[899-899]	899	371
COV	[900-900]	900	424
COV	[901-901]	901	392
COV	[902-902]	902	355
COV	[903-903]	903	389
COV	[904-904]	904	370
COV	[905-905]	905	346
COV	[906-906]	906	409
COV	[907-907]	907	392
COV	[908-908]	908	392
COV	[909-909]	909	377
COV	[910-910]	910	364
COV	[911-911]	911	380
COV	[912-912]	912	384
COV	[913-913]	913	363
COV	[914-914]	914	365
COV	[915-915]	915	381
COV	[916-916]	916	338
COV	[917-917]	917	373
COV	[918-918]	918	372
COV	[919-919]	919	364
COV	[920-920]	920	337
COV	[921-921]	921	369
COV	[922-922]	922	344
COV	[923-923]	923	367
COV	[924-924]	924	365
COV	[925-925]	925	386
COV	[926-926]	926	363
COV	[927-927]	927	382
COV	[928-928]	928	337
COV	[929-929]	929	356
COV	[930-930]	930	360
COV	[931-931]	931	320
COV	[932-932]	932	321
COV	[933-933]	933	353
COV	[934-934]	934	336
COV	[935-935]	935	365
COV	[936-936]	936	334
COV	[937-937]	937	330
COV	[938-938]	938	328
COV	[939-939]	939	344
COV	[940-940]	940	372
COV	[941-941]	941	362
COV	[942-942]	942	329
COV	[943-943]	943	343
COV	[944-944]	944	328
COV	[945-945]	945	331
COV	[946-946]	946	319
COV	[947-947]	947	341
COV	[948-948]	948	321
COV	[949-949]	949	370
COV	[950-950]	950	366
COV	[951-951]	951	314
COV	[952-952]	952	283
COV	[953-953]	953	344
COV	[954-954]	954	321
COV	[955-955]	955	348
COV	[956-956]	956	335
COV	[957-957]	957	362
COV	[958-958]	958	345
COV	[959-959]	959	350
COV	[960-960]	960	323
COV	[961-961]	961	322
COV	[962-962]	962	309
COV	[963-963]	963	332
COV	[964-964]	964	303
COV	[965-965]	965	382
COV	[966-966]	966	350
COV	[967-967]	967	307
COV	[968-968]	968	330
COV	[969-969]	969	347
COV	[970-970]	970	333
COV	[971-971]	971	307
COV	[972-972]	972	310
COV	[973-973]	973	306
COV	[974-974]	974	334
COV	[975-975]	975	297
COV	[976-976]	976	325
COV	[977-977]	977	341
COV	[978-978]	978	323
COV	[979-979]	979	357
COV	[980-980]	980	316
COV	[981-981]	981	316
COV	[982-982]	982	312
COV	[983-983]	983	277
COV	[984-984]	984	334
COV	[985-985]	985	322
COV	[986-986]	986	319
COV	[987-987]	987	297
COV	[988-988]	988	273
COV	[989-989]	989	271
COV	[990-990]	990	326
COV	[991-991]	991	286
COV	[992-992]	992	274
COV	[993-993]	993	325
COV	[994-994]	994	309
COV	[995-995]	995	302
COV	[996-996]	996	294
COV	[997-997]	997	299
COV	[998-998]	998	267
COV	[999-999]	999	292
COV	[1000-1000]	1000	304
COV	[1000<]	1000	150241
# GC-depth. Use `grep ^GCD | cut -f 2-` to extract this part. The columns are: GC%, unique sequence percentiles, 10th, 25th, 50th, 75th and 90th depth percentile
GCD	0.0	0.235	0.002	0.002	0.002	0.002	0.002
GCD	1.0	0.236	3.500	3.500	3.500	3.500	3.500
GCD	2.0	0.246	0.002	0.002	0.002	0.002	0.002
GCD	3.0	0.250	0.005	0.005	0.032	3.652	3.652
GCD	4.0	0.259	0.002	0.002	0.002	0.004	0.038
GCD	5.0	0.263	0.005	0.005	0.005	0.007	0.007
GCD	6.0	0.270	0.002	0.002	0.002	0.002	0.002
GCD	7.0	0.273	0.005	0.005	0.007	0.010	0.010
GCD	8.0	0.280	0.002	0.002	0.002	0.169	0.625
GCD	9.0	0.284	0.005	0.005	0.010	0.688	0.688
GCD	10.0	0.291	0.002	0.002	0.005	0.016	0.032
GCD	11.0	0.293	0.013	0.013	0.124	0.235	0.235
GCD	12.0	0.306	0.002	0.002	0.004	0.010	0.451
GCD	13.0	0.307	0.010	0.010	0.010	0.010	0.010
GCD	14.0	0.315	0.002	0.002	0.002	0.005	0.007
GCD	15.0	0.320	0.005	0.005	0.006	0.011	0.013
GCD	16.0	0.330	0.002	0.003	0.007	0.009	0.043
GCD	17.0	0.346	0.004	0.005	0.007	0.266	0.955
GCD	18.0	0.366	0.002	0.002	0.002	0.011	0.159
GCD	19.0	0.388	0.005	0.005	0.005	0.017	0.104
GCD	20.0	0.421	0.002	0.005	0.007	0.015	0.614
GCD	21.0	0.446	0.005	0.005	0.013	0.041	0.277
GCD	22.0	0.507	0.002	0.002	0.005	0.039	0.298
GCD	23.0	0.543	0.005	0.005	0.010	0.022	0.167
GCD	24.0	0.617	0.002	0.005	0.007	0.085	0.700
GCD	25.0	0.755	0.002	0.005	0.007	0.013	0.346
GCD	26.0	0.870	0.005	0.005	0.015	0.425	1.286
GCD	27.0	1.085	0.002	0.005	0.007	0.213	1.293
GCD	28.0	1.315	0.005	0.007	0.100	0.748	1.705
GCD	29.0	1.731	0.005	0.005	0.018	0.587	2.721
GCD	30.0	2.221	0.005	0.010	0.241	1.357	4.134
GCD	31.0	2.945	0.005	0.007	0.185	1.357	4.737
GCD	32.0	3.908	0.005	0.015	0.357	1.808	5.118
GCD	33.0	5.267	0.005	0.010	0.235	1.549	4.053
GCD	34.0	7.011	0.005	0.020	0.364	1.728	5.364
GCD	35.0	9.365	0.005	0.015	0.200	1.328	4.943
GCD	36.0	12.322	0.005	0.025	0.262	1.543	5.097
GCD	37.0	16.284	0.005	0.023	0.203	1.394	5.051
GCD	38.0	21.174	0.010	0.032	0.195	1.055	4.517
GCD	39.0	27.084	0.007	0.030	0.180	0.962	4.748
GCD	40.0	33.188	0.010	0.035	0.175	0.822	4.123
GCD	41.0	39.879	0.007	0.025	0.142	0.805	4.338
GCD	42.0	46.599	0.010	0.030	0.150	0.837	4.555
GCD	43.0	53.156	0.010	0.027	0.145	0.815	4.330
GCD	44.0	59.225	0.010	0.027	0.145	0.769	4.552
GCD	45.0	65.327	0.010	0.025	0.150	0.760	4.470
GCD	46.0	70.806	0.010	0.025	0.140	0.806	4.927
GCD	47.0	75.833	0.005	0.020	0.139	0.900	5.900
GCD	48.0	80.090	0.007	0.020	0.145	0.887	5.182
GCD	49.0	83.999	0.005	0.015	0.123	1.122	6.426
GCD	50.0	87.130	0.005	0.015	0.155	1.245	6.779
GCD	51.0	89.928	0.005	0.010	0.114	1.129	6.886
GCD	52.0	91.995	0.005	0.015	0.237	1.804	7.397
GCD	53.0	93.760	0.002	0.010	0.155	1.395	7.419
GCD	54.0	95.036	0.005	0.018	0.280	1.733	7.361
GCD	55.0	96.094	0.002	0.010	0.255	1.840	6.742
GCD	56.0	96.888	0.005	0.025	0.417	1.710	6.238
GCD	57.0	97.598	0.002	0.010	0.274	1.681	4.683
GCD	58.0	98.108	0.005	0.033	0.429	1.500	5.490
GCD	59.0	98.531	0.002	0.006	0.412	1.526	3.965
GCD	60.0	98.847	0.005	0.066	0.562	1.435	6.351
GCD	61.0	99.082	0.002	0.007	0.451	1.336	4.000
GCD	62.0	99.269	0.005	0.063	0.538	1.411	2.649
GCD	63.0	99.458	0.002	0.007	0.333	1.353	3.649
GCD	64.0	99.572	0.005	0.177	0.645	1.913	4.363
GCD	65.0	99.693	0.002	0.017	0.498	1.883	3.977
GCD	66.0	99.777	0.005	0.076	0.675	2.509	4.582
GCD	67.0	99.841	0.002	0.005	0.175	0.871	2.312
GCD	68.0	99.887	0.005	0.286	1.041	3.329	12.034
GCD	69.0	99.915	0.002	0.005	0.363	1.180	4.875
GCD	70.0	99.935	0.005	0.044	0.417	1.246	4.904
GCD	71.0	99.959	0.002	0.005	0.553	0.931	5.628
GCD	72.0	99.964	0.005	0.589	2.559	3.445	3.668
GCD	73.0	99.972	0.002	0.002	0.002	0.635	2.000
GCD	74.0	99.973	0.455	0.455	0.455	0.455	0.455
GCD	75.0	99.976	0.005	0.005	0.220	0.435	0.435
GCD	76.0	99.983	0.002	0.002	0.004	2.042	4.605
GCD	77.0	99.984	0.170	0.170	0.170	0.170	0.170
GCD	78.0	99.988	0.005	0.005	0.005	0.745	0.745
GCD	80.0	99.990	0.002	0.002	0.002	0.002	0.002
GCD	82.0	99.992	4.545	4.545	4.545	4.545	4.545
GCD	84.0	99.993	3.420	3.420	3.420	3.420	3.420
GCD	96.0	99.994	0.002	0.002	0.002	0.002	0.002
GCD	97.0	99.995	0.027	0.027	0.027	0.027	0.027
GCD	98.0	99.996	0.002	0.002	0.002	0.002	0.002
GCD	99.0	99.999	0.005	0.005	0.006	0.007	0.007
GCD	100.0	100.000	0.002	0.002	0.002	0.002	0.002
